30000 2000 1000 769
978
1196
970
300
1560
956
228
1300
634
1110
1000
419
777
871
1982
1572
513
1191
818
862
1844
119
1727
1538
788
361
1309
1097
1344
101
1031
94
435
553
114
343
570
1185
972
393
1749
1447
1569
844
1983
1645
1924
1261
577
1624
492
1716
1988
703
749
693
1190
261
1848
1802
1278
1507
309
1617
707
1081
432
1410
1963
1750
1938
196
464
263
1026
736
711
76
523
1173
1556
1489
432
1182
1000
1804
701
369
1932
1282
1359
1514
755
1071
1223
1288
138
709
1723
1365
1411
1828
1182
1499
1060
140
114
53
665
479
874
212
161
1146
516
580
1111
917
1607
543
47
1753
1818
1567
1653
1042
757
41
1040
693
1948
984
1708
307
73
1464
88
1918
1736
1509
669
1500
1386
1651
305
746
1554
447
139
19
644
789
71
1025
591
51
1276
1539
744
1950
1693
79
1993
564
1229
1946
986
1778
70
230
495
1031
203
731
1009
824
940
1162
1746
1301
1786
189
459
1980
508
1475
744
1197
1746
91
1255
1614
1416
1102
1676
543
1469
146
1913
32
1492
428
1148
1458
1562
406
473
1132
218
593
1290
1807
877
1148
1316
588
134
502
732
1524
301
865
1210
768
1498
1624
1741
1651
581
1714
1855
348
651
1959
921
1152
932
162
1354
343
1330
728
1012
918
588
24
488
685
460
531
244
930
838
974
1306
1214
731
1462
626
1990
301
867
1122
1213
275
992
430
152
1151
746
1771
1058
1134
1046
664
497
1983
120
94
408
968
1010
1895
830
837
1098
1086
1583
643
223
933
722
1484
461
1341
1947
1364
1486
1217
946
339
1843
388
707
1828
52
1228
1623
1710
1845
1263
1491
1408
410
925
1088
898
1628
1870
1339
729
1772
958
1613
876
1223
213
1934
1653
426
60
6
1578
1016
1181
1556
1277
1738
1546
130
1840
1014
1201
1272
1501
1460
1807
784
741
1596
754
314
759
1300
1923
721
35
825
452
158
1616
1819
1590
1788
763
1999
671
699
849
655
457
1993
494
388
430
381
471
1447
1171
678
1205
1908
451
868
3
720
1982
1781
714
812
81
1971
1227
698
440
892
909
1168
689
66
951
1148
194
707
1216
1062
782
1052
277
1916
580
1050
1019
873
680
1265
934
1735
1446
513
713
904
1973
1253
1199
351
1864
1438
153
4
1147
1952
425
1512
1916
682
1134
1077
1095
652
1153
666
1287
1556
1727
214
474
1066
296
1074
1092
317
488
1156
774
1021
980
1857
352
1226
519
467
965
716
381
139
1711
1845
496
345
291
309
529
58
710
140
1529
1057
943
661
1568
489
1087
1809
1615
1337
910
1585
1521
1321
1016
40
1615
84
1144
784
668
911
132
268
1437
185
137
286
110
403
1960
1195
1745
1634
1745
43
1736
1987
63
821
21
1854
421
1626
512
638
1431
113
936
1328
1995
947
638
1498
1121
1543
447
1326
642
913
1568
1646
309
23
46
1890
312
37
982
137
44
1169
755
220
1585
1889
1607
1657
101
1355
1100
1310
1607
1597
378
1060
321
174
1132
367
661
1349
1310
915
726
681
458
873
154
1065
1299
994
287
1117
1217
891
1532
716
271
1089
1690
1199
1073
1783
915
886
1946
1318
297
1418
221
85
58
1122
1554
1129
1106
442
1659
1038
97
1617
1111
407
207
609
695
194
702
1285
1632
367
559
758
1712
675
1863
406
436
248
547
209
793
1127
1545
1056
178
1769
1505
1024
682
250
277
1011
1114
1247
1845
1574
1597
633
1309
1602
625
1947
763
358
225
1785
475
741
145
849
726
1468
1050
318
1147
343
1335
1802
444
597
143
244
1068
937
739
1411
1239
1922
1450
586
115
509
1388
76
518
777
172
785
856
379
873
682
1722
564
1846
1121
1895
240
681
1221
1370
1312
81
1701
1232
378
156
282
1359
478
1367
1834
728
1677
791
1258
201
774
1768
1828
1349
1873
1924
490
1048
79
86
873
1670
1601
1840
577
355
536
1353
1636
1304
685
1803
1341
1797
1587
1116
1572
530
1145
1515
1791
651
788
814
634
1147
1069
570
650
1447
1047
866
1854
126
1347
707
1143
704
1783
1472
778
1597
44
553
20
607
503
49
862
1451
1019
1136
992
100
13
230
1098
752
1720
1122
1489
1519
482
866
215
233
767
1147
751
648
388
300
1727
38
702
1086
1542
311
1700
174
944
266
234
1806
440
780
552
1592
525
446
875
325
360
633
1082
350
1517
271
1979
529
256
1347
295
821
1722
27
1275
1281
1692
1285
1633
314
1699
760
1790
876
1965
12
29
1292
1627
1821
412
1195
1943
12
1526
237
1191
1830
401
954
771
1353
968
1605
644
117
1675
1292
509
367
1973
719
1647
1564
591
436
1495
1883
212
377
218
1315
1813
252
869
1344
477
568
846
1048
1815
1265
1663
1683
319
642
548
1562
182
469
754
1631
1306
1219
715
318
1301
844
143
1570
389
713
1061
842
156
1984
1866
13
745
1735
729
605
1607
1805
397
1048
708
1510
899
772
1908
1205
51
236
1735
767
1471
742
489
1197
1117
1016
760
354
1554
698
1819
382
1616
796
657
1250
497
491
456
1653
1620
1553
1711
903
1496
1627
30
1860
1975
575
1044
1435
1893
1869
481
1791
1112
789
1045
1405
1738
953
1545
943
124
165
989
1745
446
12
1409
162
1309
996
120
638
1852
854
90
1529
662
1967
1465
1646
1362
1274
1510
1961
1080
1153
1109
626
1524
689
1678
1131
1657
1518
965
971
743
1783
348
1116
1695
1340
1944
882
118
493
1697
46
1737
1892
1982
481
369
1077
1104
549
535
1301
334
1896
1769
1369
322
1914
733
1953
257
1034
1269
197
1984
1339
803
1774
405
1229
1551
360
1292
281
152
294
1259
605
344
247
1160
57
11
120
249
681
1200
1466
1021
996
432
725
57
1924
1007
1725
325
1623
913
116
1640
549
351
1584
913
1539
346
1742
408
1800
127
1223
868
334
1532
1890
671
331
722
763
1079
1584
1323
786
933
1986
814
151
51
263
1328
645
74
675
1357
1372
202
1396
1784
803
1293
1738
895
1597
558
892
1683
1356
326
1319
342
356
1400
1624
998
481
974
683
25
267
370
1061
377
1801
273
1951
1282
1940
93
932
953
670
227
1677
768
1970
317
1514
535
189
1928
1237
245
1885
24
562
1608
617
1482
601
1545
482
554
1783
643
1721
1559
449
1013
1121
1892
1194
134
997
1200
1528
1273
717
1672
722
721
221
1867
796
23
303
1983
1815
1561
1699
1442
210
453
211
1011
1701
39
700
1698
1520
847
986
1734
736
1095
66
958
786
1811
294
377
538
1129
213
521
294
1139
1873
1749
1534
755
1621
1055
799
6
183
982
825
1196
730
908
1942
184
455
1818
844
1395
925
1923
836
421
6
1623
491
902
1388
1481
681
1234
636
1554
1681
412
1977
1735
312
1332
1972
1001
666
539
1963
1388
73
599
992
1946
311
1154
476
505
1414
856
1396
362
541
513
362
19
494
1819
1478
1999
1110
476
519
884
1813
198
1396
1973
703
1516
1016
1018
1394
1844
1374
749
1897
446
89
790
143
1667
88
1914
456
1617
1447
926
925
1815
297
514
1254
988
229
812
718
549
351
403
689
598
664
1198
41
776
152
1227
633
668
59
388
233
1887
1786
1663
1972
1503
652
1140
1518
317
1069
597
1977
1171
1949
585
1562
200
1579
1321
1112
50
1844
704
197
891
1959
1676
1521
1479
843
1050
314
1652
435
129
1560
643
1377
1116
168
758
1848
1646
183
1115
518
1714
1234
376
66
1665
1196
87
1955
1368
1472
1396
738
1992
1831
1556
1824
1279
299
41
1594
360
1197
68
716
1454
1893
282
1700
55
1976
89
169
159
1278
1708
876
1666
132
558
557
1630
1056
604
209
135
36
606
1618
1261
1060
471
600
1772
827
1834
1463
1043
827
1904
1000
1351
1731
1463
61
632
54
701
383
387
154
1726
138
986
1566
698
1404
1202
880
1355
1466
1931
1517
533
867
613
666
1022
1337
913
995
1280
205
661
562
93
282
1989
114
803
277
1262
692
720
1651
1844
898
1575
204
1583
610
787
1535
1905
14
764
821
1963
897
1736
1450
849
772
1476
314
1947
1547
1859
1384
606
521
565
21
1018
1451
1387
1903
1060
371
1467
728
1271
676
448
1225
1015
942
1267
502
1735
746
1103
1379
315
888
961
1639
1696
806
431
1312
539
69
716
392
751
103
1369
471
1475
427
317
1176
1091
796
1367
1328
309
886
1859
189
1439
1099
1740
395
296
1957
82
1501
300
429
1740
1705
596
828
623
245
389
591
1791
785
1911
1088
1173
1829
1929
1427
1138
797
51
478
1460
1010
653
653
1591
394
1150
1717
125
1602
215
1703
736
1132
961
295
1527
980
1924
829
1879
1511
874
267
492
742
1811
1761
73
1815
954
542
1165
637
551
1304
86
505
759
1486
714
1121
729
1723
163
320
874
317
1611
1773
948
231
809
1473
546
1764
138
1283
823
494
1812
1190
176
1950
1478
55
1143
1988
452
1247
1449
1240
1650
1615
1962
1554
255
1229
488
1560
932
1881
653
182
316
1653
1401
195
1847
133
351
1825
1482
963
398
1461
9
22
36
840
935
1604
766
1309
1677
118
1634
996
1801
443
1169
1646
1721
639
295
338
1161
733
821
832
1529
1747
1682
1156
3
565
445
492
1307
149
901
733
40
721
700
1140
1874
813
1530
585
620
243
1502
248
547
1624
731
1091
360
1857
640
66
1739
1429
631
157
552
1893
1891
507
567
1817
1012
1579
62
669
1693
532
729
588
1800
360
1245
604
520
926
1690
26
879
1568
720
23
1441
1874
435
260
152
1237
865
233
1994
1162
850
956
472
1722
786
448
936
1174
1676
1948
1893
1867
311
430
469
360
1301
815
1260
1635
537
233
1488
120
217
1863
1724
307
165
1803
760
161
631
341
217
1314
1323
755
69
1106
481
1940
1626
616
1168
18
1583
350
173
1503
763
658
204
110
1029
556
1558
1478
731
1249
701
50
1111
631
556
1757
783
1707
274
445
1644
255
1856
924
1645
1624
960
895
541
1815
41
1680
1570
1510
1297
1279
760
1749
1874
1817
1085
1445
512
1815
1950
518
377
1067
770
988
494
838
501
135
386
269
664
1875
624
1981
1703
1260
978
1484
1931
262
1487
451
1057
1693
452
441
298
553
1895
97
164
1188
1560
679
378
750
936
1878
1624
912
62
1726
994
160
584
660
948
1077
1231
363
1996
1260
1167
338
584
1194
1221
221
250
1891
937
360
1091
826
1134
313
1407
89
504
1974
1517
339
1053
1287
546
1705
1055
1709
302
314
457
1539
447
1118
1288
580
149
949
1052
574
118
123
1983
1765
978
272
1846
1002
953
1605
1125
1229
1596
1288
1863
257
66
468
46
1599
1308
835
952
1086
1099
118
1059
674
544
310
1922
226
676
1579
401
1327
361
1181
309
321
481
330
56
1139
493
1287
707
19
1593
1450
284
1731
1190
1623
1651
83
1528
346
1480
1651
1009
677
1215
1683
301
90
118
62
1920
1402
550
390
285
1103
40
1665
1593
680
906
1269
303
1619
1826
1200
388
320
1667
1227
750
626
1038
1631
769
105
1722
1529
1434
527
1783
1146
1855
832
463
1410
726
1965
846
158
1958
466
1955
1711
1436
1911
984
1262
1790
1380
1215
1453
5
984
1549
735
262
540
108
1658
1345
195
1835
684
1279
1253
888
1356
1301
1228
497
435
1870
1230
1991
1898
1832
301
325
101
269
1916
1456
1777
1973
483
782
1706
842
1972
1980
1744
444
1438
507
939
54
1105
1770
1052
33
1172
346
470
1287
212
1022
157
1627
734
977
1598
1911
159
653
1295
326
1386
1833
1752
611
586
50
1539
1665
1800
1054
639
957
1646
1997
1563
545
813
465
1937
459
236
1999
897
93
1890
789
1792
485
1927
783
880
1408
998
53
242
891
1381
1976
105
1546
1864
1453
673
284
1251
1560
1568
1599
206
717
668
240
1246
1746
301
566
1185
937
1187
1744
154
1389
1947
91
1823
587
239
1448
15
1748
1516
222
647
1775
856
476
1719
1860
1523
482
609
758
957
1312
305
497
1401
1214
307
84
1680
654
433
1728
1993
79
1868
67
1735
500
1726
1838
691
660
974
813
1932
259
131
472
1197
81
780
1733
958
962
1135
1121
237
1806
144
687
94
1097
708
928
1056
213
1415
916
883
1478
875
1519
1863
1430
99
1919
342
507
527
845
133
118
1448
578
358
765
270
1900
930
1404
1391
1458
1717
1239
507
1524
491
1395
1174
582
1530
1798
478
1311
1503
1627
318
700
1453
74
226
1834
1491
680
380
21
1934
1211
135
986
143
977
409
1668
766
162
1246
1925
191
1826
1666
1538
1220
556
367
69
1235
1019
1129
1021
25
1034
1974
936
1439
1151
1314
1508
925
771
1505
1475
1852
1254
1366
541
80
1392
996
1482
134
843
611
1280
889
1599
1030
1289
155
366
1066
1305
51
1442
1633
1823
690
515
1952
586
267
365
1046
334
1346
865
1630
166
499
1211
1878
652
1303
613
465
327
1938
922
1306
181
1440
1868
635
233
1682
266
1884
1270
803
124
1039
1517
288
129
540
1171
456
508
1305
1351
1488
346
668
66
1530
599
1956
224
1926
802
1620
286
345
718
306
1509
1230
458
831
230
1883
1858
519
1589
549
183
124
235
790
174
1534
1159
1742
1973
1262
997
1191
1403
1315
770
574
432
588
95
1135
1242
823
1092
704
185
162
1062
1041
1966
608
652
1233
328
286
1486
341
222
1430
1215
581
1716
676
1357
439
920
1207
1558
1601
220
1642
430
921
1833
1668
1502
1806
65
1453
1999
1005
1526
1490
39
989
1578
170
451
572
1382
73
166
1789
719
1509
1233
1506
646
1336
1972
1815
558
566
595
1359
1251
1823
748
403
697
1863
1448
279
1219
1620
881
1391
1398
1272
1603
1027
909
47
1685
847
270
1019
586
702
444
142
115
24
1519
567
1463
649
321
242
630
1284
1130
441
1690
680
1790
1423
559
1409
773
1439
53
98
427
976
164
626
409
812
783
581
1940
801
651
1197
1157
903
386
304
1929
1379
1971
171
858
123
413
1799
813
59
1020
11
829
1640
322
418
392
147
90
927
856
849
1833
78
1429
1224
37
461
745
1020
1051
1611
1333
1195
620
479
594
197
712
844
234
192
1694
787
679
1499
33
698
860
1890
1439
780
84
977
1151
1602
503
828
1449
640
468
415
555
1474
1387
1617
680
1784
1802
1535
323
1264
59
1990
1805
1027
652
688
524
499
415
35
1212
1076
1475
166
794
1175
51
998
622
1487
29
8
1401
1038
1477
1311
816
127
1323
1664
392
586
1130
356
66
179
1059
1071
1000
851
1546
1615
1433
1932
1934
1734
225
1367
1631
923
317
449
1579
302
270
293
122
747
412
171
283
465
1932
418
1118
932
517
153
355
559
543
405
803
1934
1917
398
510
122
317
522
564
694
1550
366
952
154
945
1778
1906
1294
179
1812
259
1706
138
1376
63
92
685
1791
1286
489
409
350
1571
1031
1969
1681
1769
890
1814
295
538
206
1128
542
731
1845
619
570
1012
896
1549
339
508
1507
839
925
1301
1717
1891
93
739
1781
493
1656
1298
1683
685
1917
1193
718
99
1190
842
858
115
442
1180
1701
660
295
458
1929
52
1503
1501
340
510
304
1767
1654
1710
217
1122
475
868
138
1801
1403
1720
939
1012
1406
269
719
826
1715
1368
1226
1778
242
1539
192
1323
1041
397
1216
1693
1796
1797
66
767
793
743
557
1755
499
709
1388
1726
1973
682
1505
1140
1105
1755
1707
1444
417
1999
212
1991
38
1441
974
1055
1151
163
319
758
125
452
842
132
1220
149
896
710
132
601
311
1787
1145
1740
538
1472
1088
1398
289
1710
1804
143
418
194
311
117
968
1934
76
107
579
1279
1157
1173
1504
831
1296
1041
715
1739
776
72
354
1063
1409
1622
651
1120
515
1445
1913
1474
219
1729
1787
1052
639
1032
278
1537
1744
1088
692
1360
1077
1757
540
1126
581
627
420
1810
181
985
1045
697
755
239
1390
108
1666
321
571
487
744
940
424
603
1716
1521
320
574
979
1448
1819
785
725
183
983
418
1675
834
581
1875
1220
1381
456
667
681
1136
1994
1980
1637
1554
1568
725
1193
985
127
408
127
329
1823
590
413
555
510
554
524
600
1640
1867
1146
919
230
566
1421
707
436
1316
649
272
1096
1192
179
847
1520
371
887
864
394
1707
39
839
1290
1657
1109
1571
248
115
1556
731
168
1306
297
857
558
1732
1895
1052
913
1516
1628
472
1023
1720
934
1777
49
603
650
1064
881
1724
1510
1844
1305
1752
1941
677
206
900
483
774
1229
1861
705
417
917
1971
108
1143
1893
1275
89
1279
567
1684
1124
95
1165
964
1273
633
170
132
1714
8
1765
913
211
780
490
21
1090
801
337
1958
378
1158
1891
28
178
1117
394
1433
474
1262
376
724
326
1426
347
1830
1054
1645
1775
1817
1412
938
341
1246
264
877
899
110
281
1989
12
691
1900
897
689
168
578
517
279
894
1957
317
1867
624
1539
337
692
1945
1023
889
136
1349
788
115
1553
1221
411
227
625
1943
847
1226
388
150
1519
1706
982
333
132
1992
1653
162
1523
1523
311
1457
1813
501
1070
1349
949
1256
1387
814
74
890
930
144
934
804
557
1049
1166
39
1075
1093
1290
984
1370
1685
783
670
1002
573
1052
57
1444
205
386
997
1667
1683
872
351
1362
1214
1693
328
79
1846
1919
1912
510
634
268
293
832
810
1703
83
614
1831
1133
478
1824
295
1000
1350
1931
1837
547
314
1211
649
32
1577
1749
1532
887
1828
1152
1599
1119
1880
1996
660
2
331
1892
956
1516
1685
400
1130
1828
1825
159
329
254
1091
1363
234
240
812
509
1088
708
124
1002
1968
14
967
1614
1666
862
524
1456
1997
872
1602
1334
1251
994
723
883
1624
1709
222
894
41
744
1991
260
1562
529
562
145
1137
1150
672
203
401
1323
1497
239
1449
1140
219
1489
1039
1733
193
782
247
1137
1160
372
1032
432
1358
693
96
1596
1323
71
903
62
1973
783
530
804
1694
1359
697
1414
1505
350
1179
985
830
1623
320
99
369
1173
1632
912
1978
109
130
773
24
1532
1527
1443
1847
1171
552
142
860
864
1837
1695
686
1711
1935
6
792
1808
384
164
780
1083
1898
760
1802
1985
854
1560
417
261
1534
163
1957
1164
1892
1957
1346
864
1253
1658
1216
1675
456
1046
167
1890
1643
709
1493
559
496
414
750
20
740
1469
499
1245
497
1522
278
1157
916
852
1533
955
193
1705
1397
151
501
154
904
744
621
1283
1682
1920
565
1945
1457
322
1476
975
1675
1514
1334
794
949
1054
1977
1044
849
356
1628
510
1767
1284
1653
601
1831
191
1474
1990
1197
1216
931
1404
1030
593
1894
331
1635
897
1650
1359
284
342
312
1191
1975
62
1542
1574
1209
810
1470
858
315
604
632
987
273
1840
563
950
775
9
1281
75
572
558
1572
531
388
629
1411
278
1097
1902
290
700
578
228
273
1298
1462
1631
227
1807
1475
381
625
712
602
114
1376
401
957
126
1937
534
1388
926
456
1097
1484
1173
751
715
121
829
636
16
397
1288
1312
1902
1970
1932
593
1319
1252
926
1354
360
1723
1726
1969
65
1704
804
458
917
653
969
1386
468
1330
730
495
1624
1157
680
398
188
481
1827
940
1812
1651
680
1553
8
457
632
1978
19
331
315
382
316
383
1669
1540
1170
1496
1656
419
1437
1742
42
1065
1459
1028
1177
1536
152
518
1436
734
1722
913
1307
236
1612
1143
1362
185
1280
611
450
1104
1115
1003
1352
407
1971
1604
1650
57
1148
1177
703
183
1412
815
967
1066
892
1603
1323
1868
1528
1189
942
520
217
937
1364
1263
937
75
1625
1069
309
979
566
187
1970
921
1007
22
1401
1499
1313
703
949
157
1626
149
352
704
169
1584
1400
1702
1336
1967
1799
405
1126
100
1588
1722
266
430
868
1136
1029
536
1317
1953
712
1248
348
443
550
779
1965
1415
1963
695
1291
966
1805
1025
1473
701
241
887
1920
756
1521
881
1498
41
1725
92
1342
169
80
1478
1669
690
980
353
957
1922
872
930
931
276
641
761
822
941
767
326
154
690
34
506
27
1837
892
924
738
383
280
1869
1708
951
828
1870
1417
148
1883
240
387
488
350
1740
1216
685
20
692
1481
285
1976
1529
1820
1964
786
31
1919
136
432
1614
582
1285
1909
795
758
226
931
1862
923
1136
262
421
1383
1332
529
1392
764
74
1693
510
1852
1596
1358
737
1583
1076
265
654
53
319
1875
1168
572
1378
1516
1884
404
145
124
1511
49
1485
44
695
1809
1822
1336
1368
719
1202
643
689
1943
1349
924
118
827
369
1167
479
1701
1687
1039
632
1453
1247
1395
1834
1214
269
1919
170
1700
517
1157
544
1881
1199
1707
1051
193
318
1246
916
1345
1422
1991
1744
903
1676
1581
361
1558
187
748
655
1777
804
1076
91
107
1565
1141
789
444
109
921
1431
1703
1343
1122
353
873
693
1879
862
1540
1103
121
679
1437
157
826
838
370
401
672
718
528
984
1479
1785
1588
106
1461
1618
657
399
1585
1732
498
309
678
322
1344
160
1541
649
358
786
25
1891
483
459
1615
1198
303
321
261
364
962
1443
1986
1259
49
907
23
808
1915
1315
1860
1343
1843
1562
942
535
1998
503
464
844
752
572
656
412
1906
254
355
407
1110
1348
275
1504
1070
1167
1375
1305
538
1625
356
270
1297
1809
1851
1073
434
901
99
934
1195
369
1504
1231
794
1671
1044
875
1537
239
1614
1882
1199
1522
784
884
1581
1393
117
235
151
1020
995
590
620
320
1357
480
1319
1839
876
1064
31
358
750
810
443
699
1999
1206
1178
902
1192
1791
1794
1522
406
1311
728
388
1613
1737
639
331
556
111
740
1080
1106
805
970
992
545
533
1105
863
913
1797
477
1680
1641
470
899
986
746
1982
775
1437
1836
1193
708
670
958
1019
1644
367
199
1545
177
114
1522
1272
674
687
922
1782
522
836
1938
1624
326
45
1704
1796
1510
260
1931
1520
373
762
779
538
764
1319
640
1737
388
1647
861
436
491
470
422
786
841
820
1904
1617
1586
1180
1928
1403
543
330
630
374
1321
1516
1027
683
1173
1634
1786
650
567
136
1147
1995
448
1028
1093
1928
1977
1915
853
233
997
1001
1930
144
1873
896
1915
230
32
784
11
1766
1845
568
11
969
1183
61
1953
1201
828
1017
1288
1882
55
1077
456
461
436
1546
1719
487
559
1939
1984
1065
463
471
1091
1186
48
1991
909
362
1633
1027
1322
1088
1691
994
920
1463
228
1809
174
1164
563
699
1821
379
1636
1482
693
562
1294
525
363
918
1172
1418
1113
1493
1273
710
1238
1388
439
1987
792
666
945
1257
1640
1236
183
921
1237
826
138
509
1372
1786
81
100
1302
1764
1324
285
1441
1374
1015
273
1796
665
433
1878
222
899
1053
1105
1182
846
1240
1083
1608
224
1149
1784
678
1373
1605
996
1373
690
1315
1263
1538
1540
1423
155
1837
1097
817
595
1884
1124
913
766
1627
1015
1468
1524
947
1219
762
1344
400
660
1245
87
552
1915
1676
1752
329
860
1313
932
322
89
720
944
548
1422
602
968
1818
512
1217
359
999
991
1948
181
1471
1827
813
1551
1369
1910
401
77
147
622
1879
848
359
734
1093
555
1500
829
1159
1635
1584
215
1130
1002
965
1683
1432
1512
729
1381
725
571
1067
1925
586
1393
1178
640
511
723
912
1804
398
693
1359
514
1637
1067
1083
87
1644
1854
264
475
1432
94
85
1479
1072
954
1754
1104
1534
1375
974
1217
88
430
571
1880
976
321
1222
1295
1000
1102
538
1534
666
1500
308
479
1127
1862
453
1730
1278
1903
1171
419
463
357
785
1608
1617
136
1360
1391
753
397
69
1960
396
1886
1149
1070
1342
836
1647
1196
172
1608
273
1997
1679
1333
1326
645
402
339
374
238
1054
1264
1382
245
1412
351
1321
1815
1595
902
735
342
1178
1762
158
625
968
222
1750
498
1346
164
73
1385
29
579
907
1946
813
1106
6
1890
181
1860
881
432
1168
1612
1650
1377
751
962
481
1788
932
247
175
1136
1006
837
1992
506
422
507
1429
139
1257
1320
692
1194
487
933
75
310
1068
1272
1163
879
1565
1462
1298
1109
1477
1001
996
657
1232
498
59
995
1704
1057
524
1883
830
227
523
1132
795
683
562
1549
1672
340
286
1346
1755
965
955
1435
1554
774
145
796
149
1314
511
140
231
398
1591
1810
429
969
346
125
275
1172
469
754
1195
900
1404
1004
1815
1334
502
830
169
114
1993
781
825
1139
1768
1900
1031
374
106
1031
977
1313
1949
1637
439
534
1466
328
429
215
1307
1846
129
1916
650
381
637
947
1516
1346
127
1464
862
891
1800
246
670
638
434
1292
1102
185
325
1475
1540
516
1340
1887
741
1652
467
1556
468
465
1156
11
581
569
1362
773
1047
854
1029
1007
1921
878
408
1734
284
139
1631
589
433
826
1101
1069
1701
935
1093
269
1570
857
1839
578
616
345
1421
408
20
361
414
657
511
1603
163
302
74
1919
81
1804
200
281
1942
1888
1582
1474
863
839
390
1830
1545
1863
1130
1535
423
762
575
1976
724
204
1567
1540
489
706
1484
1519
1937
1085
306
485
1450
1680
1708
1394
575
526
1034
249
1444
1016
33
122
898
1958
676
110
372
1843
1329
1524
1681
1438
1903
1793
1786
46
1239
979
1110
501
912
1719
1421
841
1024
1020
626
943
127
1640
1876
1160
286
1177
1238
785
1544
606
110
1046
327
1911
1563
1719
251
1642
1707
365
1975
1112
1563
334
1196
527
400
559
58
385
774
986
1508
661
1463
785
1123
1580
1006
1681
78
1879
493
922
1177
968
763
366
1147
902
1922
840
820
1188
296
1775
79
180
1996
363
884
1464
1588
680
833
1465
1013
729
1290
364
1762
926
1935
82
1416
1512
1181
1742
1258
572
1672
525
1608
439
1063
1
197
1121
256
782
857
1573
501
1913
1988
1152
607
269
1765
856
1691
543
186
671
1618
1269
744
1880
1037
35
910
1705
984
1990
1909
385
455
1557
1738
1148
199
37
831
1765
838
1371
782
1707
1877
887
768
519
1388
815
1310
1709
1103
793
614
881
672
1326
703
1004
1254
1915
704
1695
140
10
510
199
1228
1713
37
305
286
696
1898
288
235
1201
270
1629
375
627
821
239
1519
839
1592
1627
639
311
1511
349
263
979
1379
1640
495
1799
763
1562
440
410
1333
820
1861
1655
80
248
1354
1921
1559
820
339
1875
1224
1870
233
1190
54
256
1953
902
252
1798
37
1463
1588
1285
519
1507
1559
1166
1778
328
309
1956
1811
1536
1495
811
1913
129
355
1585
665
1366
911
849
693
461
346
1461
1326
1459
808
44
1447
1709
1420
1949
908
1240
619
347
1427
499
62
153
1009
1307
664
144
672
1735
649
1838
128
1430
930
833
124
102
10
661
94
1558
337
426
677
430
3
745
822
781
1247
776
1185
323
1656
1341
326
385
459
1519
1240
1949
1938
1587
1200
74
377
1350
597
1160
1167
1062
1594
760
1424
918
920
866
432
1809
46
1130
1402
142
1862
960
1658
773
1259
1704
1640
386
696
1114
1686
1863
1282
58
1003
871
1960
746
369
1664
1017
303
236
440
983
162
77
1996
1595
503
630
1397
346
243
142
1196
998
345
1318
830
1736
102
861
419
1468
1054
450
204
1373
806
1672
956
1556
1876
1599
249
1147
1524
1504
259
1878
796
1593
1508
68
530
1914
1607
1665
1373
1727
814
1600
457
1935
335
1017
1950
1172
1103
1309
1187
636
754
1025
688
1151
545
842
1457
786
1805
998
658
1612
1011
1772
1783
519
801
1076
1834
217
8
1305
715
115
178
110
387
282
725
15
1961
788
1593
938
1625
1957
1399
1742
834
267
563
1987
1183
823
1387
1514
792
237
128
1205
458
1261
420
714
548
1811
1076
629
915
1243
1337
1820
640
1162
570
1271
1257
1897
1060
63
894
259
1324
805
1916
1249
756
1894
1951
1620
1660
958
1187
1683
235
700
1228
1237
879
1381
71
641
145
1131
497
1060
1500
622
902
1507
879
403
1404
1809
1297
1109
1153
804
341
1289
1251
419
494
1703
1951
962
1045
982
1323
578
760
566
1608
1410
1461
596
1938
987
1064
825
1562
906
1921
68
1270
1471
1321
1946
567
214
1079
459
1979
1427
1054
1430
356
628
313
288
1001
1217
154
385
492
1143
1774
1711
1436
950
357
335
987
872
1585
745
1923
1299
190
828
1652
1632
1777
866
257
636
483
597
1996
1167
912
962
31
1116
1978
893
1373
1016
980
517
295
463
1340
841
611
995
1448
1899
1931
550
485
1428
514
1562
652
360
108
1542
1718
1355
910
1580
1121
357
1011
1129
1715
1378
881
1325
1614
365
652
540
1461
190
1081
1524
1262
769
1925
288
1816
1113
775
1323
1023
564
84
1145
718
1249
354
595
629
368
607
1458
635
1289
866
254
1317
1919
1777
630
423
390
261
1827
1114
1443
139
1240
1583
179
509
429
1923
415
1569
1181
468
1518
32
1452
227
507
1849
1197
730
1001
1622
1570
208
1620
704
1989
1723
1146
463
1623
37
553
1636
1176
673
1083
1003
1206
1488
624
1547
121
975
330
400
1582
1652
527
1067
482
553
586
663
1698
744
1987
1599
1841
1880
624
1983
986
1702
1276
1545
134
999
1208
1225
1871
29
1983
1370
1942
504
782
826
3
1280
259
491
1723
912
1508
716
646
788
84
696
145
439
851
797
642
422
1331
1360
1819
569
1170
894
1760
1731
596
918
1356
1879
432
1430
849
1358
1615
1347
990
406
1696
957
1542
381
1520
594
1599
1967
1848
1633
136
684
1287
1874
975
1806
209
180
1329
953
344
1207
1811
1411
1466
476
145
1078
1516
1530
933
660
6
1010
170
1435
1982
420
1937
57
1033
131
1204
1313
719
1015
1849
1230
494
1698
618
696
1954
550
258
1205
1764
1284
1498
1969
960
1464
1862
785
220
19
1129
1269
934
1208
560
1788
749
684
862
844
1283
776
1891
1618
1424
1280
322
1831
1930
857
387
388
1669
1319
406
1271
262
1940
666
1222
1516
1272
909
611
688
517
676
337
268
130
1549
455
1179
1211
1587
770
1024
1975
1490
1407
553
410
620
345
149
1259
715
1328
275
1816
1128
1131
301
809
652
63
565
275
1461
832
95
1758
826
423
1920
1977
626
741
549
45
290
1880
1718
783
118
251
172
1769
931
658
401
315
1610
1463
1143
350
783
398
1196
10
58
960
589
73
1837
1974
1561
1099
200
148
1111
203
1242
1577
1097
1154
1081
307
563
730
1140
1656
119
1957
1670
962
1539
368
1917
267
62
1778
1420
202
1342
1561
846
204
238
1128
1773
326
1822
1145
754
234
139
761
141
969
609
932
1782
888
686
1631
373
629
1912
1013
1024
1260
1650
771
931
757
1339
392
773
384
1863
1751
8
1940
1955
480
353
228
1907
1982
201
484
62
689
1187
1562
1436
287
1519
1256
1615
1654
654
1305
1760
1014
711
618
27
717
122
1659
1661
1490
1843
1910
941
1334
1152
111
473
1720
902
1356
531
760
1570
1528
252
1246
1644
354
1694
876
16
1275
1504
593
688
336
246
1135
516
581
168
1392
180
643
1908
1748
1687
1074
1222
14
1389
651
86
817
730
1271
1555
356
1555
300
591
1709
1438
682
1307
1965
1221
720
1301
1464
1932
341
1230
409
1428
1876
1681
515
542
1414
849
970
3
1382
34
51
356
226
1851
602
30
654
1210
1171
64
1677
904
115
944
1298
1423
1967
1770
307
473
1557
1498
832
1707
106
957
1139
1362
755
1667
1432
764
1336
1720
1390
1419
1798
579
1535
149
1956
1694
1053
1039
697
1687
461
1004
892
246
952
1600
1915
1040
527
1434
976
59
1360
545
673
196
1863
1902
759
1518
1014
619
594
219
1623
634
282
1247
1009
73
361
1859
554
1364
167
696
1692
860
934
1436
235
935
31
1794
1365
1799
556
1213
603
1999
392
1261
144
1588
932
702
783
352
1740
764
1922
141
1657
764
1712
1520
472
343
1046
1812
123
40
250
1976
622
760
315
1227
1372
1543
765
536
1219
350
308
1309
1894
1283
511
688
1442
1869
1271
1155
1203
745
632
1415
167
1532
1247
560
595
1242
1428
792
853
1910
314
854
153
1050
789
1152
1744
1306
1371
542
623
724
1486
417
948
1610
713
644
445
420
729
1922
828
191
94
1288
294
1403
1346
1004
972
1316
1033
1407
764
798
138
1951
1384
1766
141
1823
630
215
1717
11
1034
315
544
1143
433
835
1212
839
1247
136
1100
1189
1996
386
140
1166
1515
169
1393
1998
667
1355
532
429
1537
957
65
1305
1189
1525
699
870
924
1271
931
500
278
1311
1080
129
665
1071
1649
1070
1310
1257
201
757
698
783
1882
747
1391
24
717
1779
820
1526
464
916
243
86
1721
91
290
584
1754
1876
1924
672
1590
213
1072
283
532
1979
1442
886
1713
490
1649
1052
1930
1087
65
1150
459
888
1529
936
65
1126
1032
370
1095
161
324
244
1999
1741
451
941
1022
445
1373
182
413
1813
1666
1346
1118
931
1784
297
844
993
1415
741
550
804
713
540
1005
1721
1628
352
156
801
362
1828
1287
1114
1467
1184
1447
800
457
1062
134
1011
1620
213
1877
1115
1431
1422
1334
57
235
1845
1575
1504
1098
810
1596
1796
935
1673
496
1122
1724
1567
653
320
948
431
426
22
1658
1572
1940
1325
242
1031
481
535
1670
450
1521
576
915
1014
1605
659
1398
1338
485
991
225
86
268
1164
947
47
1303
233
1702
1219
1310
712
298
1479
1954
284
1602
1615
1208
545
1726
1759
932
1997
1913
1999
1273
101
772
68
1264
259
66
700
1112
1431
549
970
317
1036
601
52
1244
1165
144
441
1701
263
302
1286
594
1728
1109
379
1432
8
1284
826
1467
591
1595
831
1398
1863
627
742
1691
1052
1963
393
184
225
886
1706
1627
909
1411
928
1352
646
1309
565
200
828
245
927
132
1145
684
253
1330
120
1925
1045
1295
1844
442
1099
462
386
606
260
1264
1073
1859
924
116
560
1533
837
481
898
1959
242
1842
286
772
1139
945
953
601
1777
567
536
1337
780
1698
1088
576
930
905
1953
1876
867
860
1699
425
1955
159
271
1925
1648
840
561
1348
1845
663
1469
1548
638
1494
1055
818
397
1137
151
319
1693
1528
261
1230
132
754
1202
87
398
1381
1231
1553
551
995
513
451
1961
518
190
1708
872
1760
1137
179
1402
1276
1156
1025
1083
1257
206
1343
95
1880
571
666
1337
308
508
1070
620
1410
1646
577
432
1353
1759
1423
1496
547
1646
871
625
324
51
1651
1757
1195
1967
669
1841
935
404
97
1884
1723
1304
1982
1449
1813
1175
801
1190
940
695
131
54
520
176
369
1860
598
875
1965
74
268
57
467
688
1562
1048
1103
1112
1970
306
1949
74
1897
294
1104
572
382
203
775
884
1066
1442
1982
1681
505
1020
33
246
984
1132
1718
1225
1295
1774
347
1531
562
199
973
376
1650
703
1019
802
185
685
330
313
310
753
170
1598
597
1032
1193
472
1411
1083
1143
967
1425
1913
1690
54
1366
1207
691
1206
1786
373
1760
1081
288
547
339
92
1012
163
1251
553
1990
1680
1377
348
677
848
430
1396
1295
1782
1339
988
1047
1099
1809
811
1769
526
115
1289
235
1993
80
179
1524
486
461
1552
673
498
1059
1140
69
1
4
965
625
1890
1188
1389
772
1460
1014
864
85
1577
1300
943
1743
1594
1219
475
316
1564
310
589
181
97
81
1446
1641
1697
1313
658
1916
427
875
1475
401
1703
1795
1659
1484
1390
238
1498
1713
1548
217
937
1857
740
1051
1045
310
900
1496
1504
1948
1115
184
1621
1027
153
103
1195
1762
598
494
716
911
1605
947
614
92
1306
1068
449
1748
1290
522
482
166
914
1107
1167
1136
363
1680
852
465
972
1896
278
584
497
652
806
1024
1082
886
185
624
1767
1868
1397
1518
338
9
1630
645
93
397
770
519
1535
867
129
1428
393
1572
529
1930
29
331
1809
239
977
248
1357
446
608
1449
193
495
1362
918
1730
474
1310
1547
1305
1500
1325
236
1265
1787
176
260
1571
1383
1204
1646
1471
1570
1573
583
1886
257
849
244
1606
1795
1135
640
478
1042
1648
521
1459
695
740
1852
394
819
432
1421
1398
1867
111
1660
1788
915
1558
1044
1813
1631
1820
1430
1605
1382
682
1126
1658
328
479
292
358
497
1192
701
1008
174
1774
307
632
512
1104
1706
570
143
1539
1428
1125
1040
1830
672
429
618
1147
863
413
693
1123
679
513
1860
1225
523
1506
1733
1106
778
3
1927
323
279
1645
1899
180
442
454
94
820
373
118
949
637
1033
1229
58
1161
89
111
1447
597
287
1746
464
1044
831
250
726
1047
1977
1571
1529
1388
818
1711
637
437
1813
223
1152
779
517
119
475
1906
1767
1326
1272
94
1534
1619
1539
838
167
599
1235
840
1766
1270
1163
750
48
1111
1276
1200
1723
1159
862
1802
67
1024
542
399
1102
368
1322
1181
274
1335
1835
1411
837
513
274
896
133
886
294
446
1258
1598
1069
1728
1113
456
25
919
1706
972
1813
1979
1052
736
816
824
583
457
905
711
626
610
1884
1198
1318
1185
1595
363
835
88
785
621
753
153
643
1571
586
478
888
1866
1463
24
1370
1680
1448
1510
1709
430
327
633
1744
662
1887
773
1506
10
1049
683
855
909
215
724
875
285
1381
208
1030
417
1021
1249
1536
1055
1674
769
1591
2
1535
1467
1054
1450
1992
1193
232
1140
1793
1418
886
1324
1014
1638
46
1984
123
52
1757
55
1485
923
173
945
1032
648
1594
1665
699
17
1169
280
425
231
1403
116
1377
625
473
169
608
870
1696
782
485
571
1799
1579
934
1295
878
1474
625
1810
1265
1148
69
1757
13
1333
1346
1998
675
1931
62
162
1403
818
1802
1001
442
476
196
196
631
1255
110
1122
154
1303
1391
1948
1015
1782
1577
733
1834
1097
1179
854
770
1861
1175
993
1619
449
454
356
118
1342
731
744
1220
1173
790
1499
1412
703
1290
515
561
1003
1072
244
895
843
797
1443
815
640
706
1564
97
1208
194
1473
1385
1573
1210
180
245
1935
380
168
366
1612
1148
1314
1550
623
639
165
337
607
1616
1615
575
1290
261
814
552
170
130
1639
17
1030
860
1960
766
652
304
204
1200
542
949
703
545
1994
1167
451
46
1598
1222
2
981
588
1031
68
1598
842
857
836
799
926
994
942
1274
680
75
396
426
1584
1778
498
654
497
782
1366
293
1062
808
1220
1227
1445
1320
912
1395
1497
157
509
1301
1220
1921
1086
1945
1156
445
1467
709
437
1497
1542
1972
1272
966
175
840
66
511
597
1857
104
1629
1901
142
906
427
600
819
430
362
1184
44
766
310
563
1025
1188
920
1012
1882
1973
460
814
117
236
342
10
245
745
913
1651
1822
489
488
280
1631
887
489
658
974
1027
454
470
1210
1059
558
317
1709
1895
1996
114
912
1425
286
1980
980
772
1976
589
1150
653
746
906
1715
1360
1376
1644
1557
1220
1896
1797
1916
1473
233
855
440
1064
1650
50
1845
228
545
45
1408
1856
1973
1927
1626
1721
470
926
1323
374
1523
160
937
1173
348
480
808
1431
562
315
1876
799
1868
955
397
1447
1787
1355
690
915
1807
813
1538
490
1275
1897
1454
3
23
614
1091
652
901
1262
295
929
294
317
65
1978
542
1162
1726
1045
1893
730
1074
1031
383
1408
1836
1997
1087
1929
1725
248
87
1016
809
1080
739
141
1039
1160
519
716
6
1242
1701
651
728
244
1876
1643
516
332
1373
1803
1646
1872
840
1737
586
57
519
875
649
977
593
1533
1139
194
946
1803
6
497
768
1378
157
203
1121
482
293
542
1355
1414
1628
1323
1277
71
1386
1883
1468
62
1349
528
608
1401
1551
221
657
48
835
200
412
1864
160
1727
954
1991
1013
745
1474
777
1742
1343
1149
787
158
762
331
934
1054
974
101
614
1476
1848
1155
1228
1159
148
1823
280
1394
963
665
91
1623
74
364
884
1478
350
976
9
1550
1583
1713
1657
1843
402
1169
1296
1201
916
714
586
192
1771
326
347
1992
927
387
303
23
1658
1137
989
609
155
1965
1505
1095
1809
211
1691
747
358
1183
1810
754
842
949
492
635
242
1571
1986
592
128
355
1952
363
1349
1861
1611
267
5
1020
1030
1286
1818
1479
726
817
1227
1827
997
925
1693
144
612
1444
458
1969
900
1958
578
312
1942
1485
528
1841
1505
1303
671
669
1749
1845
1340
642
1726
1151
1069
305
699
1003
482
73
1375
1630
1307
1930
88
1569
1707
1820
1630
1255
315
97
238
15
1890
1912
1976
1941
308
755
917
350
1704
1163
557
1956
846
595
1768
1118
1536
795
547
963
1081
790
614
192
1588
462
1299
1945
934
1302
705
269
1214
63
1531
589
1372
975
1667
1085
288
576
970
1708
1780
1413
1860
1569
893
1138
1431
55
589
1724
917
1018
877
1919
1723
930
682
447
1369
1439
1277
928
1378
422
1903
170
438
1691
1292
935
687
975
1128
575
24
637
1135
615
1989
287
1569
1413
1614
1926
1198
1815
1758
1370
1663
1108
1836
431
166
130
1927
568
1334
394
23
1216
693
1434
930
1047
912
809
1660
1545
1088
1568
1843
1606
221
1751
1674
1901
720
606
1459
1754
1213
1005
1299
1714
513
1197
1857
1485
1096
153
1566
883
82
1791
892
1305
1014
1596
824
1854
1960
407
1962
1442
1367
620
719
871
154
812
1156
58
829
306
1141
243
1030
1721
1815
1114
1245
1933
99
557
827
96
500
1088
1010
1630
388
68
1965
1906
209
251
1833
346
422
1867
1525
89
679
513
934
1468
28
1304
974
1359
722
426
766
368
1006
1205
841
1267
1188
1058
939
520
647
1794
1865
907
1490
282
299
1707
1878
865
632
621
293
1912
1648
1089
814
361
1376
901
1466
946
1874
1912
327
276
1347
1058
1890
599
1001
1395
714
353
1268
1849
979
807
1443
693
537
1714
891
960
69
1302
1716
1754
1940
287
885
436
1670
925
1409
863
917
1554
1649
820
279
1192
788
1061
357
1400
1556
1236
1517
1353
1339
1282
965
1670
1958
1258
49
756
1881
496
966
1826
1155
1652
1232
1937
1907
572
289
1462
59
1969
1995
1501
1893
776
1696
1536
1427
1171
520
473
218
1129
1315
1860
338
964
1007
137
1047
329
1804
1129
1156
1070
14
278
369
1303
1539
904
506
1521
950
285
531
546
1203
465
888
1360
1068
510
1545
1874
1163
1589
310
1892
456
30
279
719
1022
989
400
40
1385
805
1651
536
419
817
390
556
1024
561
614
61
1238
1602
1724
1570
48
833
1407
1605
901
1569
1002
1924
1412
1883
1568
345
3
1141
477
284
1449
1398
1375
1735
1497
153
1493
1290
368
832
982
1456
512
1931
1798
401
1550
297
1124
1626
1576
383
551
1306
1627
1559
602
1567
1556
426
293
48
1814
192
1023
1276
1996
663
1841
467
1871
931
172
1618
394
917
1518
1589
1932
1087
1409
1689
589
23
404
1584
1125
1786
766
264
1305
323
1760
1950
56
1580
1306
1055
261
1044
1841
1199
1621
177
879
1117
300
1592
1372
1863
755
1339
1900
1530
925
1890
1321
1901
1129
13
67
462
1530
489
404
973
1254
1281
328
1880
988
167
1373
198
1514
147
1496
1736
1070
1467
1625
1389
619
52
1471
565
1757
24
911
1768
369
248
513
1704
95
1220
1995
628
1993
504
1890
79
1993
1241
1166
1472
1878
513
574
1243
1127
391
1852
96
91
179
850
962
312
1104
253
1995
1075
1219
736
1982
1519
219
1148
797
1593
1481
719
1356
212
418
491
630
1312
130
361
1086
1553
387
173
281
477
1695
1996
1338
1701
1219
43
221
215
980
1833
200
1140
1830
1024
1423
110
1467
472
1704
164
1721
1933
878
1153
1183
33
1929
1778
1352
1557
1070
1351
673
1797
1219
923
1096
753
454
1495
1846
1059
782
1716
271
94
818
1104
742
1267
793
563
1350
1386
258
1010
879
927
421
51
894
1211
1192
722
1600
1765
423
1331
1640
168
766
890
383
599
601
824
1467
606
126
102
1380
1082
745
167
146
1756
1640
920
683
74
888
812
188
1191
1440
1174
1829
181
1676
629
858
151
829
807
952
1563
1439
695
917
1656
1787
137
938
1125
1662
393
53
330
1962
1966
1082
971
1643
84
123
98
1437
1722
200
412
924
409
1704
1575
1147
695
1704
1529
137
1147
595
117
1377
513
1539
1530
866
240
1494
1869
1294
1963
1589
968
214
245
690
611
406
120
576
1826
1325
615
999
1391
1056
738
1511
233
144
1418
45
1404
1769
966
788
1363
587
598
462
1980
1006
1926
1508
651
1810
1557
58
1650
405
1158
1845
1952
25
1846
209
631
1957
1856
1807
802
1194
29
1292
1782
1433
1040
1624
1080
579
241
661
351
65
1448
1630
1532
1621
173
1034
1752
1089
1597
1921
1708
1079
752
974
567
384
472
1046
1595
1937
1692
696
1289
442
1479
933
1135
1041
762
898
911
271
1017
1307
513
1289
293
1067
1996
178
165
969
17
1294
171
1573
88
1402
980
1940
1135
1771
703
792
1743
1701
530
931
1842
1853
1177
157
435
256
929
1380
964
436
309
1780
1238
992
630
1720
420
1928
992
159
1857
1980
506
994
99
1010
1246
1989
576
176
410
1323
744
878
1318
1295
1011
1484
215
17
1949
368
196
1902
414
915
727
1156
1391
684
1526
1827
1082
1612
1987
1735
401
1484
1088
406
226
1204
1143
373
1546
430
1673
1344
503
555
1109
1337
1154
372
1051
337
237
1699
1394
517
1865
1250
1671
10
1820
1396
1255
1948
577
1171
1886
1732
1215
1418
417
1832
879
1572
1081
1975
88
1061
881
21
1501
952
322
164
1034
1928
141
1604
1707
530
1209
620
1134
27
717
1209
1625
1566
416
598
607
585
959
1245
303
1513
736
1501
253
1266
4
1309
1301
291
1345
799
142
1482
1681
1705
172
340
277
1136
936
264
1983
581
1939
1845
1806
1045
776
1000
1467
1948
306
979
484
409
799
730
758
392
563
1327
576
604
671
1377
694
1899
980
17
131
751
1379
5
1395
457
1910
1168
1840
217
1876
1329
1675
1995
1841
379
989
1524
1300
1845
319
1790
990
1907
823
1809
119
693
131
290
779
1807
379
528
997
905
1570
1948
1787
1607
349
201
906
603
984
5
483
1337
1573
1382
1414
1372
1206
1512
446
1863
13
822
1454
575
1682
1240
1610
711
1285
1404
569
1756
1860
727
1513
754
1359
957
1411
382
602
384
1040
694
1907
390
109
1365
1604
1358
955
1780
1195
692
1259
1301
537
1667
1512
177
1464
1258
1716
950
817
1490
264
1881
476
1855
1942
594
936
1029
945
504
782
1596
896
1482
737
151
1774
384
537
338
662
449
1857
1211
1613
102
1117
1843
1840
1407
800
420
1840
708
893
1668
1435
1231
668
859
1629
504
879
226
1063
1745
1029
1740
1550
388
1327
857
1799
1193
1074
73
1810
828
1100
318
1652
1183
602
261
970
1708
1225
1047
1066
653
1980
586
1612
1951
1694
141
1978
708
1176
229
1860
488
1205
753
422
1543
819
244
622
221
621
484
1945
398
55
783
845
1031
1674
814
92
1284
1489
1948
951
1476
147
1080
1857
825
146
1512
1974
1829
1698
1633
60
338
766
437
1033
1520
8
1549
517
772
191
471
817
46
326
897
312
380
851
1703
789
766
1973
185
1621
314
570
1280
94
1
687
50
1553
17
1785
692
1420
1020
708
128
18
857
1082
1912
1935
1338
854
1705
1607
798
458
99
270
423
334
1544
110
526
121
1171
580
1813
1172
427
1515
622
1789
1768
622
1163
1290
1942
1640
1270
1232
407
1406
705
1586
1214
1631
224
1437
1945
395
726
1204
1582
866
877
1975
1690
254
1290
1273
1365
1412
1952
354
986
1639
1604
674
422
1582
225
1720
1823
598
1629
1202
1575
1354
1179
1654
1072
163
1475
448
899
283
1919
1276
60
1334
1671
230
568
483
1247
400
689
399
1983
1668
1337
428
307
523
278
880
340
734
349
1056
1016
1243
1570
734
149
281
734
832
1964
671
1762
1268
1411
1635
1915
49
1507
511
1478
1295
388
664
166
1770
629
657
148
1475
1520
333
503
327
685
1541
1316
660
1446
345
503
762
1692
778
371
1358
1880
967
1462
1205
100
1542
977
1342
123
710
726
1745
669
1410
370
839
1528
808
110
537
1204
155
448
958
509
1559
1496
863
151
1251
648
142
733
827
1602
359
1994
1086
1833
21
1708
1205
1009
567
1509
1270
136
53
244
1783
185
1902
723
1431
1358
1571
1234
1034
406
10
1685
179
1448
1083
538
631
1671
1999
685
239
1254
507
111
1902
1182
1767
292
1460
893
195
460
1538
385
1644
388
1679
534
140
1198
699
1804
848
1470
1458
1116
1806
311
1987
1644
1622
805
65
1169
600
1516
441
517
646
993
1477
650
972
952
1937
238
301
782
252
1647
928
423
1138
1200
107
1051
1415
1788
1630
1820
1318
1370
1571
587
1899
66
100
1323
1582
464
1822
1190
1553
902
549
176
731
679
24
1017
935
1697
1431
918
518
1210
1826
802
1420
1087
35
1281
1706
1640
1966
789
1047
1920
1432
1381
1668
340
1990
1290
1888
938
1720
108
794
1588
1670
1805
1317
709
73
1139
129
1395
1821
396
39
1965
197
1358
277
1119
1008
541
315
36
715
1520
1701
1644
855
533
954
1070
44
1636
116
1183
1246
1922
193
1427
671
1527
681
1187
1221
1874
1345
1328
989
1931
352
1879
1440
569
1248
1670
1765
1253
1031
509
968
991
1190
633
938
96
1506
1085
1000
1280
1089
1458
736
200
935
657
465
874
450
942
1906
96
835
1863
550
435
894
172
1791
845
1363
1714
193
1104
1310
1987
280
1112
731
1865
492
1551
575
1595
1476
496
771
1286
73
334
898
1759
445
1397
517
1192
939
993
1037
1617
1232
1470
1057
1441
634
1840
1224
981
112
1685
841
1961
131
1847
881
1957
1028
501
1493
1961
806
325
1736
828
1956
1363
1008
625
1750
237
1428
1867
1920
1058
56
515
12
536
1885
1559
170
797
306
917
1332
1504
816
153
1687
1217
1220
211
1039
1446
286
1148
561
1968
1338
330
975
1454
860
579
1384
1216
658
1935
590
894
213
1616
1884
953
415
758
1592
530
387
1118
1445
859
1962
203
156
1435
1066
1816
1468
406
124
349
847
299
1325
896
1311
1535
581
1037
409
1915
1095
377
1312
34
648
612
181
230
340
1741
455
1627
845
1514
1157
1323
869
1416
1115
1547
1870
1664
445
1262
1087
523
1085
57
362
1639
1587
663
460
1786
974
670
1765
1478
1222
738
921
238
99
168
582
1128
1283
510
1223
787
1640
1785
1432
1595
161
894
378
651
1019
37
425
1122
1558
107
205
1114
1852
711
718
1301
608
1792
1115
312
852
348
1309
668
621
460
391
1330
1035
1654
785
1175
163
1347
934
265
351
1947
314
1353
298
1741
960
353
1556
452
1274
1432
781
1958
1410
995
1951
1246
1977
1631
268
237
143
1932
58
1212
1026
540
1164
373
1994
140
20
1475
1924
1762
1557
663
861
824
1390
1405
1090
1560
1027
174
1798
505
30
1622
1428
456
935
505
981
42
95
194
371
1233
1491
1020
1999
1773
351
1221
1041
725
705
1568
14
567
1584
297
174
1084
1645
1134
703
1919
648
988
388
224
342
456
146
595
225
1552
156
974
945
705
1197
756
138
73
1799
27
1350
1983
1561
949
836
306
1958
509
1008
672
1124
1040
294
537
402
1118
289
1186
1614
1088
1689
1454
69
589
1709
1674
268
1864
332
1831
1455
1324
1946
270
616
59
1233
1823
1154
515
38
987
1726
1458
1150
1443
438
267
353
1856
1632
505
958
516
918
1076
207
1008
164
738
1581
744
385
911
727
1620
1489
1312
1024
456
1897
1189
967
39
213
1789
1562
1331
280
1438
957
920
418
389
360
570
630
843
1711
1387
572
505
694
578
84
29
772
825
301
845
455
261
1445
955
1337
923
1793
138
1570
1041
367
1040
301
1971
1690
1005
223
664
1790
939
38
788
685
1782
174
1246
1170
1021
170
1973
1139
586
401
46
636
718
1238
1569
106
705
140
1862
260
121
362
666
369
1944
268
1062
1030
1515
1547
321
895
1744
686
181
1841
1640
1088
1056
61
1022
659
764
1431
1718
533
736
599
1641
402
1064
335
672
1499
1027
1951
1055
1910
1244
1638
436
1910
396
1402
592
124
957
954
1814
1470
594
161
593
1495
885
1213
139
1471
1249
1921
427
1948
1601
1624
254
312
840
1596
441
1958
371
1254
1438
112
1787
838
1550
1474
1440
485
1342
876
707
1736
1836
100
562
648
36
1770
298
224
1262
1760
1175
279
906
714
560
1503
1999
1682
817
173
1664
912
568
874
865
488
404
1993
664
1107
347
586
775
290
1164
590
105
1232
1140
396
1675
1288
404
340
1005
696
1938
1074
649
52
479
276
131
1918
1946
383
273
308
1075
928
397
42
1602
15
1689
1114
1273
1480
1219
505
631
1597
1913
140
1423
1126
1870
26
792
747
1566
1428
630
1027
30
1746
425
1742
71
1008
196
1856
1029
1641
321
62
187
1315
1923
110
890
1708
1691
186
1553
82
512
1686
1462
1321
1305
931
1718
1864
60
850
1194
1861
109
1597
1579
355
1423
1698
1223
105
718
737
1828
261
128
1928
501
113
377
797
1659
116
1470
348
1613
1436
1261
770
331
346
1243
681
863
1502
1933
564
373
1510
1628
1262
284
1249
1378
1086
1501
1017
122
1198
380
464
503
28
318
1865
1011
864
1562
75
1740
143
1186
786
634
1648
1380
1222
1203
1997
1051
96
898
1708
620
666
182
1358
350
1110
279
375
1961
354
559
752
642
954
598
570
726
1022
1422
1972
790
790
1136
1230
801
884
983
1982
776
665
539
1315
1118
26
1841
73
542
228
33
1964
82
1918
23
1809
305
94
143
689
1624
302
1355
839
204
1360
103
492
1055
1664
1007
1648
1426
697
1839
1484
1002
11
1434
1718
1270
1452
959
357
1295
1836
1817
1542
928
1997
6
798
1721
18
347
1905
751
1959
1638
1154
1942
1746
308
555
673
1833
996
1968
905
148
107
1055
749
1860
617
1066
185
868
1852
1033
1002
1535
1763
1593
352
355
1878
1994
1541
980
757
1288
1437
931
1982
535
1983
176
195
1173
1635
510
1835
1274
220
1159
1783
1491
584
1551
1176
864
197
1741
975
890
1494
39
725
505
710
1742
460
85
1693
794
1493
924
1841
455
1604
323
1871
1712
193
144
1946
746
913
615
195
1269
900
1588
1513
110
112
393
1299
1576
1726
1736
1884
957
1731
323
429
1456
1906
257
1458
1396
303
1300
470
1682
1591
1865
448
1719
1983
544
1826
1644
1274
1261
975
298
399
621
1790
1550
858
557
1244
569
466
968
1846
1115
811
879
903
1121
125
334
623
1661
36
141
37
565
1881
36
1998
1150
305
210
95
890
277
752
1167
1087
626
1041
1232
1915
1313
1037
1248
1749
938
798
1435
678
580
778
3
663
832
179
818
1004
711
668
1567
1570
1137
1197
944
1397
1096
1080
1503
165
1436
764
80
794
600
1434
1346
1414
613
1830
1636
1273
1934
1104
617
1787
1651
692
1615
149
1794
671
1869
465
978
788
1851
1795
1730
1486
1046
232
226
38
276
399
640
182
260
1476
1926
991
1578
1348
129
136
1418
1438
997
825
579
39
432
1863
1807
705
636
752
1399
1917
729
1273
1147
350
299
678
563
1152
959
1963
752
1545
867
336
662
1503
327
586
1230
570
207
296
119
411
378
714
461
12
520
1593
733
1594
1863
1795
103
1361
1022
470
1013
1335
766
735
987
380
1494
1587
1008
1728
135
1517
1516
678
1447
489
130
1927
297
1281
1088
1578
332
87
20
818
579
1826
82
953
1365
1468
1651
460
1254
651
240
214
1462
270
527
1249
1912
1883
1917
570
486
598
1069
1413
1139
740
48
210
145
1745
149
1742
612
1727
659
1820
1127
929
597
1733
61
1447
261
126
1723
650
1388
1449
932
218
1944
367
1157
1781
1183
925
1538
155
644
1260
96
48
1336
981
1076
1746
818
1972
1708
1916
1458
220
813
1979
370
1740
365
958
1086
1105
1218
947
1286
732
890
399
1441
373
1804
1710
1284
624
1919
1981
52
543
602
483
184
1496
1804
1927
99
1753
1581
990
832
1993
1540
932
1838
1760
1706
381
1502
1641
718
620
139
1671
1771
404
1322
279
184
797
1026
133
270
1658
253
257
15
728
175
18
116
1577
551
363
1464
1042
883
1278
852
1650
1561
1615
970
580
292
1354
1414
1430
444
1208
1057
1723
1545
381
72
110
232
197
701
57
1135
1937
1692
1188
1070
876
721
497
22
292
792
536
1839
21
1109
383
245
1655
229
796
50
475
772
1182
386
385
1056
1033
898
1039
1358
688
1914
1821
1260
391
1341
404
727
1545
543
1592
110
1176
583
1699
1126
404
1061
1269
160
1630
1413
1225
392
173
884
1097
878
273
738
1812
1546
1829
1241
1679
220
1178
958
826
962
866
1525
1364
1374
826
1753
1874
151
1756
365
1516
63
180
444
376
1348
897
1096
1468
1483
30
113
398
426
1730
1636
1214
1188
821
1686
1334
1275
1412
1841
1488
368
630
111
777
143
1520
36
181
1082
1349
465
1395
370
1522
405
1842
1725
1322
791
916
1220
606
338
290
764
15
1632
1200
808
102
1082
307
1789
548
894
720
358
1813
1747
742
505
859
1433
1823
1321
488
1684
1491
1213
1356
411
334
289
176
684
931
1996
1809
1378
1473
1842
897
1401
325
619
1963
1217
559
1188
1958
1425
1305
372
316
1486
1750
593
971
365
152
4
923
1557
1397
1754
129
1961
394
1148
1139
1076
48
1186
957
1973
1438
1988
612
830
463
1553
1546
791
1206
1171
449
632
575
946
1650
599
1720
1064
1168
687
928
869
1657
18
1326
165
989
591
1061
782
178
999
775
1774
1047
125
375
277
1368
1053
1940
606
1105
287
243
740
1175
1099
1483
1651
1123
894
295
492
992
494
1303
1741
1303
1659
1497
640
1496
935
1623
1539
12
439
320
1480
489
1210
1931
62
1718
505
1240
399
464
368
730
1931
940
685
179
6
29
1750
830
253
840
655
1651
367
1046
28
198
825
1835
212
1633
1346
245
823
531
441
1142
1985
905
411
1638
863
1372
58
1122
1969
1803
698
937
1473
1642
830
713
1364
363
866
1238
782
876
1626
1195
1291
962
1195
404
1403
21
792
1818
1597
811
1169
1856
1903
1017
1863
63
1301
935
386
925
840
1332
1510
1459
977
250
1411
910
1495
1266
1917
1893
933
1963
412
1005
559
376
1684
538
854
920
823
248
761
970
697
1737
1871
191
1253
863
819
722
319
1659
559
6
873
1479
1484
368
1353
1154
1033
373
443
826
618
500
1363
1982
1907
1431
1894
1908
1269
694
1290
777
279
428
315
663
633
30
495
1324
1350
410
188
1561
1560
1340
808
1479
896
7
1874
913
469
690
1295
718
316
1856
1271
1741
1514
1349
657
1399
535
117
652
975
1299
1935
1728
45
1229
475
1124
1739
1089
576
1137
799
465
457
583
747
1720
473
1391
129
1515
556
1136
315
1377
255
726
1706
516
1507
480
1181
856
1278
1689
1301
1484
1603
1049
1638
463
1859
1644
161
325
1860
52
1616
74
769
315
256
1110
898
507
6
993
429
177
156
280
1389
543
1403
833
1826
1729
925
1276
665
163
83
1563
670
81
1428
1235
1199
1823
7
723
194
1642
259
117
330
1999
389
291
1046
602
1091
1755
635
721
31
1318
1043
1186
1869
405
149
730
936
1597
647
184
657
1061
1234
578
1146
1117
293
166
882
1425
845
1059
1314
686
1747
1113
440
1045
661
1422
1889
1422
1786
1075
205
1150
1088
151
1261
492
1897
1370
1184
1376
1270
1524
527
1725
305
198
757
561
1745
1505
1827
155
1562
1735
1555
124
1428
959
1611
1281
910
1932
1892
1824
1057
352
396
736
681
1037
1305
862
1922
236
383
350
95
194
1635
1231
113
448
17
1697
1989
1706
1835
1147
975
170
1795
1752
1127
437
1708
1218
1409
1630
875
1075
1425
570
595
839
654
1124
914
1510
294
1826
390
544
1410
1064
1940
1033
1916
251
106
904
1886
264
1011
555
1613
22
1083
765
1878
1882
1508
1275
1016
266
824
35
402
195
591
749
622
286
244
718
1038
1201
1155
747
694
1043
6
60
1754
514
97
593
473
568
570
1769
906
1066
1373
128
502
1635
574
120
1719
753
624
172
31
911
1542
913
316
1699
424
606
1835
968
600
1454
1322
1326
630
867
738
1169
1073
173
1317
1208
1214
219
1860
1710
1550
337
468
1238
187
1371
402
1787
515
161
37
1302
313
1707
547
1364
536
567
38
870
921
1864
368
138
615
865
1709
1466
353
1619
1529
900
880
404
1522
1386
1497
1729
542
683
981
132
1840
1282
1359
633
199
781
814
286
1735
1217
788
329
1020
235
342
1839
1996
1066
1309
961
573
1900
971
377
1831
534
1202
1655
1419
1352
1410
677
1909
815
1298
1297
1085
1757
321
140
484
966
13
1566
1741
669
1748
28
1866
527
569
365
1753
1549
425
1722
894
848
222
1044
930
1992
1092
1514
1740
1606
906
330
1968
1274
1835
296
1973
1855
653
1134
1276
166
218
707
1853
1041
430
510
1060
209
656
844
1052
97
1749
1889
202
1557
736
1308
606
957
1694
157
997
1230
1714
1099
899
1683
732
1617
831
832
256
858
1503
1559
852
333
342
1919
505
1258
891
114
1406
133
219
373
641
1058
1858
541
1912
1458
1254
576
671
1229
1269
1850
1778
1393
1008
289
718
1337
1975
1403
371
1025
679
1935
92
1113
1842
1097
1858
281
1198
1826
222
1940
1392
1327
542
240
1050
1640
1610
613
1171
1052
55
323
1334
611
811
873
670
1956
1186
339
1312
1193
497
276
1113
544
1737
1861
1514
674
782
1308
1185
1881
1305
464
1322
734
714
1979
1237
353
1330
66
1802
1085
1168
1138
1834
1738
539
747
1640
917
847
177
761
317
1179
1888
471
1967
442
1616
1756
1605
193
1417
701
922
1593
1769
1876
1649
876
1299
1027
1447
470
907
1494
1797
404
816
296
1707
1696
1192
1081
1114
1824
706
1070
896
747
1496
633
1497
1165
644
747
180
205
292
1575
436
397
497
857
648
818
668
519
318
726
1834
1767
451
410
338
753
925
1743
148
470
173
822
221
193
623
918
1176
1484
1236
95
503
135
274
1405
850
1301
90
1903
479
23
11
488
882
1309
1413
246
807
697
1648
1585
1838
1527
1422
1686
1702
891
414
421
142
793
962
999
296
666
324
612
1646
1293
1924
532
105
1965
1957
1108
1296
1266
1145
348
126
1146
1706
1198
888
489
1483
705
29
191
366
608
622
1321
519
1933
1903
522
1040
1769
895
700
1214
1400
1189
385
1605
1040
971
1983
1880
1443
768
1948
1891
398
968
1605
716
369
391
869
39
1151
1023
805
1977
104
501
207
783
1062
1626
1079
1777
788
777
796
1697
710
524
1963
1528
1381
1844
1653
1059
41
9
1746
857
284
1694
1014
129
1996
1241
1747
1393
1537
1906
1695
1210
1713
665
1384
339
864
1789
1861
1810
1276
1899
1102
290
664
1875
1967
1666
950
1729
1481
1930
1179
410
793
628
1054
965
1277
1272
145
1805
580
39
915
628
1798
1149
916
1322
1716
1121
171
526
1297
1743
1381
1253
833
1768
687
105
1537
1336
133
723
615
1128
972
139
219
100
957
63
1462
128
595
1619
1129
1367
1352
1880
114
1637
1562
1632
1067
981
1972
545
275
717
314
136
1106
1529
884
687
1271
821
671
498
323
1279
1360
1951
251
396
955
1533
1418
138
931
1838
1046
197
819
1463
628
1550
764
191
862
1001
400
1846
308
1110
1982
537
1793
963
1807
35
271
1728
625
1846
941
594
161
522
864
1052
302
981
888
11
348
1756
1125
673
743
808
1241
1636
712
1053
656
664
1869
839
61
410
1235
1302
1670
1278
1143
1067
68
540
1118
531
1059
454
930
1732
1025
1582
1294
806
629
1558
171
1652
1837
1543
828
1058
1357
1989
102
1874
500
83
853
1570
1057
515
123
1575
710
1953
1770
1760
828
833
468
1924
616
1014
1
702
908
1396
1505
1850
1152
1400
1986
1728
83
567
132
561
541
1268
523
671
663
934
965
434
29
1545
1725
968
1154
196
1391
796
1205
1243
621
251
659
1061
1553
707
700
1793
1236
413
1899
628
1758
924
2000
1318
382
1462
1648
1551
1117
419
192
1468
399
1636
717
1462
58
229
576
805
505
54
1968
1872
1939
166
377
600
1592
1025
795
854
1595
1933
934
418
998
287
1333
294
219
1411
216
866
1943
571
1590
305
1180
743
1826
300
1743
1270
158
669
478
348
781
535
38
1733
462
372
1220
1194
246
1119
1515
49
1964
1843
1190
697
891
19
942
1302
1540
1612
590
1497
130
1928
1925
1780
1938
436
1803
1709
898
1444
1832
961
281
294
258
187
616
1268
741
677
1488
1790
375
510
1859
39
556
1916
799
415
8
596
1209
721
916
24
950
909
435
416
256
1705
1732
460
262
644
218
569
805
315
523
354
1542
479
1238
649
1000
102
377
1526
224
34
1506
479
93
543
1012
697
1297
272
1244
1742
157
61
1700
1167
412
966
1735
635
1348
1307
678
289
1160
1934
1595
1859
1809
521
269
1500
1901
701
1507
531
824
1626
316
1520
11
1926
1758
1902
1219
1320
734
881
1364
484
559
1323
93
124
1758
714
1069
932
1614
291
1558
1366
63
229
545
632
325
775
1826
1499
1366
4
749
949
323
1449
1369
1889
267
123
213
406
1564
1742
968
709
1355
884
925
1927
1350
1970
63
615
1097
1130
97
1259
1390
644
530
520
1736
1150
398
1942
1169
646
1080
1778
306
1205
1447
852
1972
878
1678
1376
261
1847
81
1824
1981
1096
1221
1538
977
178
663
462
487
1906
144
1419
203
1285
7
1186
1649
862
1671
290
1757
1462
786
1462
128
355
1238
1732
771
908
48
280
265
1740
703
1777
512
1302
506
569
1288
808
1492
1754
1815
690
318
639
1004
872
702
1865
1330
486
1343
788
1495
741
1977
521
1150
395
1266
629
387
1383
1029
266
13
1293
1586
1892
280
1470
1174
383
355
973
237
1783
1287
1629
1349
240
474
431
389
135
1427
938
1534
1016
1935
1659
1104
1425
1346
912
1728
1079
1298
1360
328
1960
145
1886
335
65
1113
765
363
1008
1213
1957
1029
1517
605
934
1196
485
1626
797
557
391
1163
1077
161
435
800
1088
407
46
149
342
1011
1979
377
1453
199
1319
575
186
1457
1460
1380
551
5
1097
643
662
1661
39
1382
804
78
1583
77
49
125
1410
1219
1615
1218
441
623
264
1915
1143
1593
1750
1764
1803
270
1149
1974
1194
438
588
1854
748
1011
68
1375
982
636
87
602
1432
956
1766
685
248
501
1300
393
1759
744
478
1945
1090
1065
991
1344
4
1694
590
1298
1018
1689
811
1926
303
103
635
90
1944
1223
1184
248
75
511
140
1688
1132
123
359
1173
936
40
1359
1236
1446
881
496
98
474
1847
469
1742
188
1094
141
887
1960
1813
865
791
1239
1022
1268
912
1246
1263
412
1142
1926
688
1185
1645
668
775
4
548
281
1016
1298
1427
133
464
1768
545
1176
1892
905
713
1985
1542
750
317
1930
104
158
1035
1515
164
78
1519
174
1915
42
1674
19
1484
1604
642
117
567
300
1578
1197
1251
498
1875
902
285
840
1458
704
1426
1611
740
297
590
1843
1904
1048
1974
1657
220
172
1411
1833
1203
117
1136
1304
1365
689
519
280
575
250
182
1689
828
1502
519
786
1420
351
1568
1488
1829
1531
25
1422
583
1311
1116
1926
1268
664
370
1639
720
1226
507
344
1333
1717
1437
187
522
1940
738
1397
197
328
731
526
1742
149
346
1748
1207
346
302
1701
1913
135
592
1452
688
842
1870
1179
1257
907
805
683
555
1369
1012
384
1300
1283
367
1936
165
1180
945
1716
1649
1993
870
480
498
365
904
592
349
951
1064
596
1894
650
111
814
391
782
278
1305
1197
725
51
1100
1636
592
20
1407
149
610
1537
190
604
309
989
1099
718
428
1197
648
1355
489
1005
438
1
945
879
312
1313
380
1909
523
1126
1921
17
1514
34
1777
1851
173
955
1314
1235
881
919
1888
1287
974
580
895
1207
597
1707
1844
1319
1385
1510
565
613
1312
687
990
1115
1833
667
1237
423
368
775
352
586
1151
321
1509
654
1672
1451
1586
620
337
1723
1502
1772
1806
1030
176
1949
1333
927
1567
104
398
794
1802
656
1594
6
169
205
886
522
659
618
1520
447
321
763
313
1599
627
1043
603
716
274
1621
284
419
1013
1577
1972
611
456
497
1259
457
538
188
887
94
197
651
629
643
1108
1379
1942
923
400
418
1196
1611
299
885
1284
285
609
1833
1446
123
1179
81
11
154
182
360
527
276
1284
1175
583
971
482
1401
869
427
1241
1501
409
1807
1304
827
1658
1975
1954
1211
613
392
964
1378
117
1861
1098
382
421
1309
451
1541
1170
164
1730
1049
579
1446
1702
1214
1981
1097
364
1423
1634
1779
1811
318
1371
28
80
1050
1382
853
708
1574
993
201
795
136
1191
755
1413
79
634
880
859
1977
259
950
1914
739
982
261
916
1250
1657
1517
680
338
1718
417
1694
477
1870
1483
887
1631
177
255
1124
967
108
1332
902
1600
1938
1424
22
864
1102
1843
1463
977
1063
72
936
126
5
1095
1118
1920
419
798
1714
1531
918
1490
1303
338
1949
1680
1006
2
1978
344
1965
78
1040
413
1405
886
540
182
1603
1277
57
1689
530
1931
1999
1512
1551
289
140
444
1589
219
1622
1010
1738
378
1695
211
1730
1875
1865
792
1170
914
540
1470
487
1955
567
1718
1576
1650
435
656
1865
1281
446
1465
850
714
183
98
368
822
101
1875
122
318
204
128
1878
1184
1858
1531
1229
1556
447
299
652
1182
1428
363
1069
1687
846
1989
709
296
1483
1041
1103
358
492
424
1465
356
267
78
669
773
1215
256
1172
802
605
1418
838
107
641
1148
1812
721
1166
958
1753
867
1810
321
1966
295
1965
1560
1614
268
420
23
826
573
753
75
973
1320
797
1962
626
1568
705
700
1909
1793
409
810
1479
1458
843
502
982
255
486
59
300
1175
1309
1734
903
1843
1190
1110
297
1497
1519
944
913
1584
737
230
1626
1828
855
89
802
188
1216
924
301
250
1779
1995
91
339
211
924
1512
1728
1955
740
1938
68
1435
1981
256
1583
780
1767
513
1074
385
1517
83
1892
1238
921
1093
1989
397
139
1919
1457
319
1525
96
423
192
411
696
1786
1830
377
903
1351
731
1173
1446
328
1777
247
85
425
1573
1126
580
1114
1063
1765
1110
1780
1929
413
643
943
599
1949
1533
930
582
1632
85
1452
191
446
1967
1684
989
69
675
1964
773
1785
1317
1388
470
441
1463
812
1330
1348
557
960
1964
1788
1314
1307
1010
1210
1082
942
1100
707
1207
1264
245
602
208
946
1066
1829
1118
1459
289
1476
185
834
188
1087
1443
274
526
1327
1427
355
525
848
1909
1118
1736
21
943
1889
715
1069
1959
28
1297
501
691
603
921
1230
17
1749
1404
576
1577
1220
1710
302
64
1062
1699
1052
622
1139
1045
719
1698
1216
451
1717
228
20
1195
1461
1531
57
1370
423
465
773
227
1750
675
1577
1919
501
1597
426
661
1105
470
1470
1387
1269
1800
73
363
1075
1555
1945
1384
562
1265
543
787
1939
717
863
281
1881
256
1161
224
23
1533
1353
1730
668
334
1148
1608
285
637
532
1451
1186
1527
573
727
436
1182
81
1794
52
1903
1945
843
336
676
998
406
242
778
1359
1863
921
1093
523
684
348
1554
1969
224
1020
1837
14
478
169
1893
407
1491
328
1885
208
423
308
1364
140
125
1331
1863
1749
72
1642
1189
78
1968
163
1924
504
1190
1277
1778
1362
357
1957
478
1957
841
52
1128
462
949
361
1031
877
1807
1913
393
1390
30
612
336
1605
935
73
1099
1616
772
1245
194
1752
679
120
439
1384
958
592
1033
368
1943
1291
1754
748
1269
686
1587
1377
1043
843
183
1544
137
1947
1750
95
909
760
99
923
1147
975
439
1154
1608
1700
951
441
1923
966
804
761
206
1572
1666
1623
28
1536
1355
1732
1179
307
1604
1874
1123
1649
1825
1944
159
1551
229
1304
604
706
1724
1103
688
73
716
1133
558
1198
696
1846
1846
745
280
568
210
918
966
1470
590
136
1050
468
615
877
1112
923
1416
292
1512
1183
1600
637
247
264
424
1152
812
110
500
1648
1214
912
1801
817
228
1719
670
152
1420
854
1909
1394
1824
837
875
264
1301
1999
1662
1457
886
104
927
1208
274
35
1576
80
1537
1138
1872
1061
1388
143
1100
1493
1054
1259
440
1103
245
422
23
538
1213
542
39
1593
1840
411
137
1213
806
1194
320
476
899
1784
1927
929
402
643
1591
1188
1388
299
729
172
1054
1566
1194
1713
105
1140
1149
1719
955
568
1653
1352
1311
1368
642
657
640
1007
1387
1504
52
385
1822
1164
135
1399
596
325
213
572
1000
1182
204
1062
473
1704
960
1785
222
1249
1233
1480
666
413
1899
350
1697
1347
509
1677
1145
1436
28
1445
324
711
680
1302
1853
1617
926
425
1713
1475
1232
1596
768
1644
1907
1565
1203
672
1751
1737
673
1425
1548
37
1917
702
1443
461
18
729
1186
843
1058
429
893
1066
1578
1215
193
827
458
4
546
600
437
1108
568
1495
612
1389
357
146
1439
1579
1642
1381
1870
135
1995
967
1069
1614
1952
1660
671
1331
1918
362
1556
119
277
1946
1854
1880
1770
626
480
1752
1704
257
1224
799
883
634
1839
1380
558
69
1454
456
861
1458
3
1635
1117
1248
1300
899
1043
141
515
1106
738
222
1539
1607
977
113
842
1776
140
337
72
927
377
250
919
1410
574
1294
51
168
258
1784
1931
416
1537
462
1640
1236
308
1548
590
1030
272
831
1410
922
1757
1854
1803
693
762
192
1979
260
1871
1930
367
1263
1268
984
69
703
848
911
606
126
1204
592
1412
911
201
1775
1022
1758
871
452
1922
1720
312
994
1818
558
1596
1014
794
1446
1310
194
512
611
1046
1035
477
422
977
464
1187
708
1102
1964
1824
954
426
1438
1226
1999
127
1734
1483
57
664
1330
752
1507
1960
731
1388
829
620
682
626
436
1454
847
1730
1076
971
115
243
187
1655
411
643
255
1136
1968
27
243
464
829
1367
1686
215
1481
1876
685
8
1542
890
914
946
921
316
1036
562
91
77
1185
376
1727
982
1898
1815
965
1894
1702
1697
222
121
593
1906
1393
1564
54
1115
718
1567
851
1027
385
219
1900
649
1560
1367
1714
812
409
1254
358
1182
1214
483
1721
599
1698
1856
805
694
1105
379
1857
541
1818
322
1
1966
1432
376
1005
832
1394
1321
1683
535
64
970
1391
1475
1407
324
1434
1367
1910
3
80
925
1114
138
774
1160
479
1545
1228
826
464
1986
1600
583
368
1032
531
1609
1746
393
1552
1862
86
190
1226
655
502
1840
1413
1818
736
205
1480
242
756
1835
1281
877
720
541
441
511
1962
84
1546
1230
1854
1367
1518
373
585
1429
1722
636
1333
1034
763
520
773
145
991
175
500
858
200
367
905
300
1388
543
398
156
240
1718
1681
239
231
923
1178
620
437
972
558
677
1641
547
932
615
251
374
342
1840
1025
62
1594
209
600
1178
577
677
1089
69
431
593
986
1397
957
1563
511
822
140
208
305
86
1051
176
1382
498
362
221
1856
817
63
1781
66
479
297
1307
817
157
756
1133
72
1351
1325
225
46
1798
166
961
1403
1607
1963
650
1145
1227
950
223
1480
608
1920
243
452
49
297
919
1595
1482
1546
912
1834
382
1465
1629
1719
1500
1006
1767
1636
1071
883
825
1314
1638
1760
1411
597
1507
1112
906
631
1447
94
786
1759
1102
604
1390
1251
1271
1558
1655
1643
231
1930
1612
808
1310
218
873
213
1130
958
107
1117
491
691
1058
541
871
1897
1336
459
798
956
1057
1576
1840
1584
1427
370
30
1507
345
317
447
1645
322
1042
788
827
607
1848
558
1437
14
1379
1726
1340
336
1242
93
1168
113
1053
429
161
441
711
1728
1037
1982
1984
1927
617
1661
1238
1838
75
25
1358
694
120
1906
1157
1699
409
1546
828
1815
643
1396
435
782
759
398
1124
1788
1559
193
52
1060
1802
566
518
811
2
924
1569
348
956
7
82
700
1432
346
1765
497
1162
1192
1120
751
1887
1031
240
915
1540
1607
1385
307
1812
978
264
197
1152
180
91
976
660
397
547
1681
1224
580
1705
462
756
446
1679
800
23
2000
840
1436
250
1137
250
994
48
947
1635
1866
1937
868
1626
1868
167
1152
519
1471
1945
1449
1958
677
86
313
1944
85
436
1831
379
680
522
41
1499
759
26
89
1672
661
1395
1115
1210
794
1606
574
658
863
1127
528
547
1793
1559
1623
1665
1008
1488
1566
1145
1655
1936
1532
961
1649
457
108
305
825
1096
600
1490
850
1125
134
1766
1401
1610
216
729
1576
1048
1151
310
1885
1862
336
1773
410
876
490
883
1709
607
758
1066
979
829
320
627
185
1227
789
769
1635
1053
749
496
448
327
555
214
462
1217
883
408
906
32
412
2000
987
435
1958
126
464
1386
1821
1341
1846
446
1822
760
1838
845
953
348
383
965
1496
1679
680
1251
991
1105
1112
892
1381
370
466
1899
850
612
907
1548
1401
1539
422
330
1208
1282
1186
1780
1245
232
1538
1652
27
1147
1293
915
702
1595
519
535
332
403
880
1599
1788
1883
924
1649
1755
1649
1170
1409
1276
1945
697
149
815
466
1072
1110
1014
427
716
314
52
1863
1703
928
951
1917
375
1915
24
418
253
835
1809
1099
1551
584
1406
1998
377
1176
294
632
223
1139
412
1940
1174
685
1345
1194
20
1541
780
1271
708
1299
1085
476
1102
247
1694
1545
1319
63
1867
1563
373
1129
1492
323
1958
1978
1728
1049
546
1950
1172
1905
1693
1490
1173
1309
545
1933
1066
691
1308
1526
501
1104
6
274
836
1949
1462
557
483
1281
1093
827
1572
1832
1411
1215
1570
339
1496
652
1682
1263
1198
1243
1530
1242
141
1980
1943
1987
1799
1375
858
1490
374
1557
354
1880
1666
787
896
1656
631
344
615
1814
1366
1023
371
270
1051
1367
1163
72
624
1168
1402
91
1567
520
314
1872
845
120
834
553
710
1849
1026
593
1747
1194
139
549
659
1926
229
100
1753
1506
939
611
1474
869
1482
627
202
763
1098
1719
336
1515
1260
65
406
1463
1365
605
1197
947
1337
960
1889
26
268
1218
225
478
965
1834
1331
1039
644
520
405
1822
677
1305
230
1954
1189
1846
1638
1275
500
831
43
1685
1948
422
5
78
113
1630
1573
1195
1594
150
1434
488
943
1936
1227
1504
1571
88
1772
1708
660
1025
907
942
497
1889
650
1233
395
48
1682
729
1567
1405
1285
1281
1586
1794
1877
1189
990
1225
1300
1868
765
943
1867
1211
1603
1864
415
662
752
19
960
1431
870
959
228
1476
1945
606
1316
1581
1765
1721
1333
1251
932
1957
714
927
47
20
520
1346
1364
1630
810
280
1178
1794
1158
1171
1681
1064
719
1861
1485
1097
1981
142
325
705
234
1959
1574
627
1965
269
1662
1933
1597
1603
1686
1502
78
1
1855
854
912
33
688
1517
1273
844
46
1015
879
640
1470
501
1195
325
1351
623
1626
320
1820
1378
1446
1271
232
84
100
1607
1082
640
1103
1106
1523
782
1861
61
1390
833
1248
1641
1856
504
1432
447
512
1837
1143
1634
712
882
1982
1856
348
1854
1718
1545
971
82
169
1139
900
256
1473
1981
1995
126
1713
1923
1724
7
20
178
1294
1475
1970
1932
556
393
778
1869
272
386
1388
1263
33
1167
246
1963
383
1677
1042
833
1132
408
750
1066
1837
910
588
684
225
230
507
654
417
1953
918
13
105
1455
1803
1182
534
1813
1998
1204
1233
1054
639
820
843
863
329
360
1257
1311
1245
225
258
471
206
144
1381
1319
846
1622
1921
969
1530
1579
1152
937
833
1308
643
853
331
1384
1636
1250
1255
1998
136
16
1701
591
547
110
181
137
1873
1152
352
839
546
320
854
1059
1445
404
1431
1021
712
447
1238
1409
687
1577
970
1940
1187
1347
1671
1727
1453
982
1198
1903
531
876
768
1371
1634
1682
1176
1576
1486
1979
1561
1755
197
1912
1541
1469
826
55
833
1459
321
298
1333
814
86
1402
1144
127
1859
1227
1387
1712
529
609
197
848
1743
1027
127
365
833
896
1985
390
635
463
1149
785
94
1691
1881
1323
913
1407
1203
1614
1556
1166
913
1208
593
758
742
330
1349
6
572
1373
733
237
1022
252
708
1669
356
766
780
1105
837
338
603
1282
1864
753
472
1376
428
526
1382
1783
665
561
768
1360
1030
1412
1125
690
749
1341
1783
904
1739
718
254
1060
1052
1033
835
660
327
232
697
1381
1013
1548
878
1686
920
164
67
1630
74
1665
440
895
851
1047
1484
445
32
567
243
698
528
1819
873
1988
272
1233
1173
498
1865
75
50
539
936
470
1418
1895
959
650
1444
938
491
1585
768
542
1174
828
1840
751
173
914
873
301
932
506
522
1838
56
524
1277
835
1605
1443
1819
1164
297
325
1557
109
1657
374
64
1939
1252
41
1553
18
261
1081
329
1249
140
903
306
9
862
1541
1419
617
1500
882
33
893
1458
183
191
896
1905
578
1862
512
191
928
1808
1025
141
1105
306
821
1977
1638
1953
42
1653
942
582
356
1528
1650
36
1565
1844
1709
505
746
1239
112
372
768
550
1045
1846
295
871
1410
508
1981
1390
1968
876
62
554
1837
893
1395
576
255
380
728
41
1066
1405
851
1848
756
1630
1473
830
550
1362
275
1473
1125
125
266
1770
1955
859
1054
751
176
1286
1093
1521
980
1432
962
1526
721
1789
1052
41
757
1276
33
1184
126
1752
1003
1406
1553
1650
305
666
412
258
1473
865
362
742
1421
120
1159
201
115
4
1877
1335
1169
1565
574
304
569
2000
427
1500
1137
740
1812
1854
1039
47
1913
1052
1443
1034
1312
141
1813
1426
240
132
1952
1377
1470
1693
1871
1964
70
629
296
974
396
62
1062
1526
1283
1875
347
924
158
1097
597
361
693
1335
736
695
586
152
1725
327
397
494
146
1618
1245
1705
1649
194
1840
1128
317
1250
196
1071
859
755
1270
1529
1542
1520
1396
512
5
324
926
364
624
523
418
1000
961
38
377
315
1496
1155
1275
1125
50
1853
1738
1208
906
1103
1262
1050
368
959
300
1848
762
1065
573
1004
904
1976
380
722
1708
300
1808
808
1818
1097
1531
340
1356
749
1938
1946
1753
628
1518
1198
1895
159
1842
1287
542
1474
93
1701
511
77
930
1957
709
1726
327
786
1819
564
412
1870
367
871
1644
641
1077
1606
1496
336
1678
113
1970
1522
1578
329
1463
783
108
468
33
1291
1918
1989
1756
322
917
44
1543
1955
181
298
701
354
1064
1096
1237
777
1403
1688
102
1102
1130
427
1087
555
877
1668
1846
1178
1410
942
1312
303
1342
986
1761
1995
1566
1003
771
1422
1715
166
572
1837
1837
803
1867
1796
7
1401
724
1693
1652
58
365
770
1943
986
1527
1215
1801
1494
321
1452
1303
1698
473
746
10
1972
1493
1867
1036
815
1505
1302
1463
1394
297
1611
256
67
218
965
868
326
804
590
321
1538
1698
1815
712
1557
189
8
482
439
78
1748
1377
685
227
1761
1384
879
100
1607
1261
332
790
1318
446
1292
1327
1181
1714
615
139
1768
786
1028
367
74
584
164
1084
731
790
1040
1110
356
409
1248
694
1369
1231
1437
844
1013
1864
681
1881
572
266
1598
1148
1245
439
1909
1612
1543
1202
1144
965
959
1471
873
1142
174
763
1477
1227
255
92
1523
1350
1674
1978
481
1811
1962
447
337
1307
1590
1402
1952
1130
1934
298
1560
1661
1716
969
22
1742
78
1207
1918
1699
377
633
13
435
1616
1490
1280
1690
989
416
291
1727
766
1498
29
308
540
1401
842
607
968
164
1448
535
343
1344
1014
368
448
167
1290
1898
1939
1097
1058
630
173
1745
813
1644
1881
1034
60
137
1145
817
1315
1628
149
1036
900
35
1170
1915
1821
146
967
46
1920
1332
493
40
117
852
485
1474
1003
62
606
1011
324
178
1175
783
194
9
690
1213
124
747
169
1245
278
224
309
281
528
213
1229
188
525
1010
508
593
1590
1641
662
1549
1456
1634
1004
1519
540
229
1486
7
1086
1127
1937
1877
912
1880
145
1891
40
1100
25
230
1479
1194
720
881
291
897
966
1370
503
385
1839
801
1241
297
559
1582
1789
237
455
1978
808
1930
527
241
1272
749
1109
1767
2
1712
1365
345
1419
1975
1593
325
1435
843
978
1228
943
1636
1480
1334
1630
1660
1406
1751
767
609
746
1665
1417
1979
1044
586
1626
1808
1884
1359
892
996
481
986
693
21
1023
1488
1854
582
1065
1565
134
985
536
484
1112
1987
1554
1426
698
795
510
963
183
1651
1943
199
1696
250
1551
86
958
704
6
593
1707
460
1211
1963
1890
971
1618
1864
1364
762
1751
980
1389
822
418
1319
710
1441
1996
696
1292
744
1553
448
1568
2
1749
753
129
1244
908
614
7
227
613
1037
1409
450
438
146
753
1261
1358
781
614
668
1287
687
1691
1932
635
617
1214
642
1145
782
932
34
839
1402
11
911
330
1346
896
692
708
926
1649
1346
733
213
22
1051
1381
1703
156
1310
393
1329
433
692
724
1405
567
619
632
1656
3
976
509
1464
501
51
57
1629
1581
1029
1536
774
908
1109
1118
1480
1721
667
1635
1563
597
1957
607
358
1793
1345
1742
668
718
1529
565
1606
1669
37
702
1299
872
430
512
845
1336
1615
627
1422
857
1073
850
1603
467
151
193
1568
1739
935
1905
196
1921
1018
34
943
714
885
1369
481
577
857
851
500
1914
168
1528
924
264
1562
1762
1102
688
1391
288
1087
1244
277
151
1854
1828
156
1208
1045
874
344
1896
1228
1589
551
1180
671
1745
1812
1715
1282
101
507
344
641
533
1486
824
508
505
103
273
211
333
95
1628
254
1562
654
76
721
1237
1924
183
382
1590
1511
469
347
1020
1086
1542
1557
656
1806
73
1781
679
1506
875
34
1931
1905
1980
103
1916
315
1768
759
1155
115
1940
510
1960
1859
8
26
645
1101
1884
1290
1082
62
374
934
946
8
1235
975
70
480
1075
1927
736
1540
762
132
1939
993
740
1057
201
1045
1177
1318
829
528
1506
1642
1434
544
715
294
211
1325
505
411
1861
482
1293
1863
906
1230
73
1204
207
1946
1843
1281
713
1851
1736
533
579
1370
1267
593
459
738
606
1173
1549
1417
423
230
752
35
1255
1455
736
1412
1280
165
219
1621
1541
735
81
105
1390
310
149
1647
971
1962
1849
1066
1865
325
1065
336
259
260
1334
416
1579
1746
1415
552
969
455
587
870
707
914
1106
717
174
627
1004
426
675
524
993
343
1686
1048
1251
303
499
1820
1393
1139
138
1165
1582
125
1693
1571
209
1204
1319
1965
1182
815
655
1685
565
1085
460
1141
1145
132
1148
538
1284
937
1376
727
777
528
1642
925
858
1235
778
154
1531
712
1381
976
1510
1358
392
1464
1969
25
1147
598
1357
799
377
1471
352
1105
894
1048
198
1630
98
1328
867
916
1638
33
1404
1912
1900
115
406
1464
1436
1314
991
352
1908
1665
1612
698
1616
1854
611
665
1227
1736
458
1575
644
1294
1743
893
164
1338
1945
1156
1934
383
1807
730
552
399
1880
327
58
175
226
1024
1541
1134
759
619
134
196
285
228
1034
984
973
1664
532
293
1223
1936
1373
478
1347
360
1227
991
1979
1984
805
1750
71
59
550
769
1321
1415
1520
905
506
1924
644
912
709
1000
383
1960
1395
306
102
1140
1542
1165
1621
1091
1162
1992
1012
1417
1128
708
1452
144
1853
77
1929
848
1978
1372
1568
1706
1166
172
34
603
737
300
577
799
1666
1093
771
1476
740
797
757
753
1156
635
498
1302
62
668
1380
181
1008
148
1546
706
735
1945
1963
424
1961
973
1529
1180
363
650
1785
1637
484
1507
1363
1020
1385
1016
1189
1664
1082
762
765
829
1653
1904
966
1694
74
1930
1698
1185
495
916
1241
107
404
125
65
1099
874
1304
1359
467
1919
1842
109
500
877
1974
348
25
1909
1662
1532
727
373
426
74
1907
498
1893
1784
1204
1458
342
1731
1035
920
709
449
129
1925
255
1210
976
333
284
650
1492
1753
94
691
1891
1051
1277
1463
1034
1063
977
1430
970
1247
1167
917
228
655
1015
1249
113
1915
765
1362
581
1238
535
1043
84
533
903
497
117
611
1770
162
550
374
1903
791
1872
1857
1804
181
269
203
1998
545
264
1024
1695
1402
1476
247
1613
1196
79
132
376
49
567
239
1356
1339
1038
1348
1664
800
1451
492
494
996
1601
1725
660
333
1043
1997
218
291
632
492
1414
1591
652
1219
1996
678
327
759
746
1981
1202
691
1186
1967
1463
1765
409
597
968
167
48
1125
964
1233
497
615
997
173
1085
1188
1964
123
1171
703
97
886
1779
712
1270
1335
1652
79
620
1577
1059
118
1449
189
1373
1338
408
446
991
403
1712
1319
75
1546
298
1795
669
907
1437
581
1471
1419
732
218
411
843
467
1980
1535
1374
686
1497
1989
167
59
1315
963
1367
768
521
1329
1462
912
677
1353
671
1738
71
932
993
306
595
1554
210
869
166
458
791
1255
1807
1875
1922
191
1339
881
1132
437
673
21
1747
1210
1104
958
341
169
677
261
557
1805
497
952
1933
68
1723
932
1805
1282
1666
376
1379
1049
1830
120
36
87
135
1455
1898
272
622
889
103
1821
1819
128
1416
1173
1214
1765
29
684
1946
162
88
1370
1126
1549
420
1373
1334
975
376
273
1130
453
588
254
1669
1623
1067
563
353
952
314
386
1042
1742
1544
155
1016
1570
1703
1486
1576
1113
457
1564
28
1156
366
1309
1002
949
654
967
1619
1332
705
269
174
113
1575
1622
660
794
821
384
61
751
685
1892
715
1348
1218
1484
1460
247
218
386
22
1938
1908
347
1718
1347
1259
1412
810
1947
1004
635
1096
1540
1301
1537
1630
1735
15
1919
916
764
206
471
1934
274
1238
1644
1655
1586
416
581
1994
1888
637
1741
978
1569
1882
735
277
691
661
16
333
105
1230
477
1255
598
385
1095
95
1277
116
1292
1436
262
684
1864
663
1811
1509
972
1970
659
402
1373
263
1671
1617
1376
1198
228
642
773
995
1432
1290
1921
55
480
1139
1105
1302
138
1062
300
346
1494
268
200
206
1186
1361
927
1268
1718
538
1587
1499
525
201
16
1580
1494
638
961
1412
729
1280
1126
150
1678
44
676
690
10
637
749
321
1355
957
1170
450
1863
1243
359
42
1264
478
422
1831
1658
777
486
1030
624
1663
28
1126
1556
408
658
1261
1222
357
392
1625
518
1537
441
617
733
1512
688
317
345
1532
490
1579
1928
1606
542
852
1720
362
90
1222
1259
222
1119
1363
128
1756
1936
1938
1952
661
534
692
1335
1865
1256
90
788
949
1897
406
1026
780
627
1695
919
1865
1843
136
1709
147
980
1427
1775
1074
1073
866
247
113
1845
798
374
261
1077
1692
19
1901
849
1197
1879
843
1798
996
648
1714
1079
573
1109
223
1614
173
209
1965
1853
981
52
1076
890
522
831
1842
1659
826
30
1020
157
871
1250
262
188
920
640
1490
1390
1889
308
1398
1008
463
1178
1905
1606
1737
1998
287
1180
356
706
1035
499
741
1456
244
889
1836
433
1523
1607
1695
830
1276
1553
148
437
979
1833
1332
990
609
117
748
1005
1927
963
518
667
994
1050
1320
625
320
290
842
1748
802
1431
941
599
450
1418
843
909
1142
537
1066
607
1958
1680
1253
797
1227
1887
572
1976
1560
1293
651
927
1374
558
473
360
1786
1282
129
1522
562
654
390
1048
1968
46
1443
761
1469
507
1456
1525
562
1945
1564
955
539
1877
215
977
637
365
255
1379
586
880
15
1040
1618
952
1122
1409
1052
773
1726
268
502
1340
1838
312
1737
911
1168
769
1184
575
625
270
10
959
1558
865
942
1643
668
975
1967
200
978
1761
1488
1710
789
1162
905
548
860
250
267
75
358
1538
1601
509
1185
1417
1543
439
780
975
207
1781
1007
768
354
749
1673
1019
724
1087
1994
819
91
891
83
1189
161
819
538
491
504
259
242
1841
1357
1070
1019
55
80
1339
53
1350
1875
1840
875
1782
1009
1005
270
1470
242
1580
991
1550
1148
1527
1634
1482
1499
667
1567
1687
1476
524
250
972
710
1978
1781
1233
1795
2
1221
1098
1166
871
2
1738
532
1890
675
1874
1776
568
1802
25
1402
1275
1291
1152
1008
1556
355
1574
472
1967
1286
1034
1236
1623
1721
1775
1175
84
1970
1509
103
994
829
1509
339
580
1552
429
1991
249
17
285
1390
1022
887
1201
183
1956
142
624
1803
1075
542
20
686
479
1614
475
36
170
741
525
118
570
930
399
405
1180
781
1384
1726
1369
366
642
1903
584
1932
1443
393
1653
1768
509
806
1569
123
1506
1453
1561
1836
396
915
539
423
907
53
38
1643
1984
1427
721
227
1179
927
448
407
1376
758
1938
691
1887
1182
974
137
1940
305
1791
579
492
568
1198
1595
1033
908
863
1582
1303
1385
1150
670
576
661
1164
664
1069
943
1620
998
1039
27
755
1109
589
733
1096
1753
366
451
1319
1215
793
472
260
468
459
598
47
1540
1017
237
203
85
1991
849
163
1621
200
72
1263
129
614
1109
99
345
1029
1870
1433
1952
435
421
1121
1016
114
245
933
93
410
362
1154
832
633
902
804
1255
780
66
1
1075
1602
946
600
626
894
124
267
6
1502
58
1019
902
603
1342
1092
180
512
1606
713
175
1661
368
640
905
462
1551
337
380
232
334
1723
216
1892
372
1400
1840
640
985
946
1686
193
937
1894
1604
989
439
360
1661
1929
1219
871
786
1726
271
1426
729
1329
1758
1035
28
1139
1774
235
686
38
1799
1974
1027
114
628
1520
1424
1942
786
944
192
291
1191
1909
1785
1429
853
1527
831
851
287
127
1415
1482
507
1672
1598
261
1225
135
107
1200
1619
1946
739
12
1781
302
1244
869
526
67
1796
1635
567
1955
1938
430
916
577
1276
1253
121
1519
363
289
1887
35
1020
629
1320
490
1017
1049
1791
253
1896
376
1890
531
850
54
1716
1239
214
422
863
107
1646
698
759
462
691
188
37
538
1885
1469
466
289
893
1245
1714
1753
239
218
755
373
714
140
1734
1143
1162
1392
93
1746
1776
1252
630
1973
1191
659
839
1701
10
112
1018
1817
741
1864
1611
844
346
611
1856
78
1973
924
520
332
1009
1281
1575
466
1084
669
1265
1422
1944
532
1140
1479
1764
319
556
126
1931
1753
145
451
443
664
1939
955
873
1968
681
1776
1938
1733
806
1002
1733
47
1005
525
1200
483
1479
1411
712
1872
531
91
77
1574
413
1346
1821
1806
449
161
951
1718
1634
118
1267
828
918
392
1072
333
1972
262
830
350
802
1807
78
1627
696
631
1975
382
888
1128
986
674
1090
1511
807
472
291
361
1905
1690
1054
982
1456
1134
319
1325
454
1534
251
1304
917
1142
603
1425
1502
477
443
852
156
1143
862
1143
403
1754
1140
392
1155
223
1519
934
466
668
1506
1666
1897
640
1659
1975
220
798
1283
168
1136
878
3
1721
169
992
425
385
49
1507
587
1311
80
533
1291
1994
1960
1195
1772
1149
704
1555
1092
371
948
296
738
366
1114
406
1346
1135
1000
1983
1151
1665
1061
1326
1289
551
509
329
1527
808
1593
1388
910
1175
1614
100
1714
1208
1908
1145
1165
1375
266
559
1614
219
937
526
1667
564
86
1617
1994
1457
539
1677
20
285
1992
899
635
666
662
1047
774
566
1645
849
267
1774
1351
1348
180
736
1572
621
133
1717
1631
446
1804
1663
1104
1212
1962
1455
1252
902
1777
299
1786
1079
1887
1150
992
590
762
880
1645
91
140
903
751
1197
465
1054
1721
410
1167
437
1893
1038
262
649
528
168
743
181
1526
1441
361
617
779
1630
1514
1915
733
216
1235
603
1270
746
304
348
278
843
1294
1775
864
893
1381