100
0234561234561897231254610023456123456189723125461002345612345618972312546100234561234561897231254610
4613791013010201602073205327503703207320137083210732103721032703217083252380632708352073207385278032
4192090267671902790970971073109731073103710616551165765436865365235745628652495635649565406735037602
1175429912251103446046956211232051460445603114152312035564865004560456205415265045668045960546562034
1405465407523046552104345981206456130748913045160244961047513044981305451920487903445970134495014952
0124895012494560144570434560445988042268034568980565680454989586450670400605047865803546570425560234
0234561234561897231254610023456123456189723125461002345612345618972312546100234561234561897231254610
4613791013010201602073205327503703207320137083210732103721032703217083252380632708352073207385278032
4192090267671902790970971073109731073103710616551165765436865365235745628652495635649565406735037602
1175429912251103446046956211232051460445603114152312035564865004560456205415265045668045960546562034
1405465407523046552104345981206456130748913045160244961047513044981305451920487903445970134495014952
0124895012494560144570434560445988042268034568980565680454989586450670400605047865803546570425560234
0234561234561897231254610023456123456189723125461002345612345618972312546100234561234561897231254610
4613791013010201602073205327503703207320137083210732103721032703217083252380632708352073207385278032
4192090267671902790970971073109731073103710616551165765436865365235745628652495635649565406735037602
1175429912251103446046956211232051460445603114152312035564865004560456205415265045668045960546562034
1405465407523046552104345981206456130748913045160244961047513044981305451920487903445970134495014952
0124895012494560144570434560445988042268034568980565680454989586450670400605047865803546570425560234
0234561234561897231254610023456123456189723125461002345612345618972312546100234561234561897231254610
4613791013010201602073205327503703207320137083210732103721032703217083252380632708352073207385278032
4192090267671902790970971073109731073103710616551165765436865365235745628652495635649565406735037602
1175429912251103446046956211232051460445603114152312035564865004560456205415265045668045960546562034
1405465407523046552104345981206456130748913045160244961047513044981305451920487903445970134495014952
0124895012494560144570434560445988042268034568980565680454989586450670400605047865803546570425560234
0234561234561897231254610023456123456189723125461002345612345618972312546100234561234561897231254610
4613791013010201602073205327503703207320137083210732103721032703217083252380632708352073207385278032
4192090267671902790970971073109731073103710616551165765436865365235745628652495635649565406735037602
1175429912251103446046956211232051460445603114152312035564865004560456205415265045668045960546562034
1405465407523046552104345981206456130748913045160244961047513044981305451920487903445970134495014952
0124895012494560144570434560445988042268034568980565680454989586450670400605047865803546570425560234
0234561234561897231254610023456123456189723125461002345612345618972312546100234561234561897231254610
4613791013010201602073205327503703207320137083210732103721032703217083252380632708352073207385278032
4192090267671902790970971073109731073103710616551165765436865365235745628652495635649565406735037602
1175429912251103446046956211232051460445603114152312035564865004560456205415265045668045960546562034
1405465407523046552104345981206456130748913045160244961047513044981305451920487903445970134495014952
0124895012494560144570434560445988042268034568980565680454989586450670400605047865803546570425560234
0234561234561897231254610023456123456189723125461002345612345618972312546100234561234561897231254610
4613791013010201602073205327503703207320137083210732103721032703217083252380632708352073207385278032
4192090267671902790970971073109731073103710616551165765436865365235745628652495635649565406735037602
1175429912251103446046956211232051460445603114152312035564865004560456205415265045668045960546562034
1405465407523046552104345981206456130748913045160244961047513044981305451920487903445970134495014952
0124895012494560144570434560445988042268034568980565680454989586450670400605047865803546570425560234
0234561234561897231254610023456123456189723125461002345612345618972312546100234561234561897231254610
4613791013010201602073205327503703207320137083210732103721032703217083252380632708352073207385278032
4192090267671902790970971073109731073103710616551165765436865365235745628652495635649565406735037602
1175429912251103446046956211232051460445603114152312035564865004560456205415265045668045960546562034
1405465407523046552104345981206456130748913045160244961047513044981305451920487903445970134495014952
0124895012494560144570434560445988042268034568980565680454989586450670400605047865803546570425560234
0234561234561897231254610023456123456189723125461002345612345618972312546100234561234561897231254610
4613791013010201602073205327503703207320137083210732103721032703217083252380632708352073207385278032
4192090267671902790970971073109731073103710616551165765436865365235745628652495635649565406735037602
1175429912251103446046956211232051460445603114152312035564865004560456205415265045668045960546562034
1405465407523046552104345981206456130748913045160244961047513044981305451920487903445970134495014952
0124895012494560144570434560445988042268034568980565680454989586450670400605047865803546570425560234
0234561234561897231254610023456123456189723125461002345612345618972312546100234561234561897231254610
4613791013010201602073205327503703207320137083210732103721032703217083252380632708352073207385278032
4192090267671902790970971073109731073103710616551165765436865365235745628652495635649565406735037602
1175429912251103446046956211232051460445603114152312035564865004560456205415265045668045960546562034
1405465407523046552104345981206456130748913045160244961047513044981305451920487903445970134495014952
0124895012494560144570434560445988042268034568980565680454989586450670400605047865803546570425560234
0234561234561897231254610023456123456189723125461002345612345618972312546100234561234561897231254610
4613791013010201602073205327503703207320137083210732103721032703217083252380632708352073207385278032
4192090267671902790970971073109731073103710616551165765436865365235745628652495635649565406735037602
1175429912251103446046956211232051460445603114152312035564865004560456205415265045668045960546562034
1405465407523046552104345981206456130748913045160244961047513044981305451920487903445970134495014952
0124895012494560144570434560445988042268034568980565680454989586450670400605047865803546570425560234
0234561234561897231254610023456123456189723125461002345612345618972312546100234561234561897231254610
4613791013010201602073205327503703207320137083210732103721032703217083252380632708352073207385278032
4192090267671902790970971073109731073103710616551165765436865365235745628652495635649565406735037602
1175429912251103446046956211232051460445603114152312035564865004560456205415265045668045960546562034
1405465407523046552104345981206456130748913045160244961047513044981305451920487903445970134495014952
0124895012494560144570434560445988042268034568980565680454989586450670400605047865803546570425560234
0234561234561897231254610023456123456189723125461002345612345618972312546100234561234561897231254610
4613791013010201602073205327503703207320137083210732103721032703217083252380632708352073207385278032
4192090267671902790970971073109731073103710616551165765436865365235745628652495635649565406735037602
1175429912251103446046956211232051460445603114152312035564865004560456205415265045668045960546562034
1405465407523046552104345981206456130748913045160244961047513044981305451920487903445970134495014952
01248950124945601445704345604459880422680345689805656804549895864506704006050478658035465704255602340234561234561897231254610023456123456189723125461002345612345618972312546100234561234561897231254610
4613791013010201602073205327503703207320137083210732103721032703217083252380632708352073207385278032
4192090267671902790970971073109731073103710616551165765436865365235745628652495635649565406735037602
1175429912251103446046956211232051460445603114152312035564865004560456205415265045668045960546562034
1405465407523046552104345981206456130748913045160244961047513044981305451920487903445970134495014952
0124895012494560144570434560445988042268034568980565680454989586450670400605047865803546570425560234
0234561234561897231254610023456123456189723125461002345612345618972312546100234561234561897231254610
4613791013010201602073205327503703207320137083210732103721032703217083252380632708352073207385278032
4192090267671902790970971073109731073103710616551165765436865365235745628652495635649565406735037602
1175429912251103446046956211232051460445603114152312035564865004560456205415265045668045960546562034
1405465407523046552104345981206456130748913045160244961047513044981305451920487903445970134495014952
0124895012494560144570434560445988042268034568980565680454989586450670400605047865803546570425560234
0234561234561897231254610023456123456189723125461002345612345618972312546100234561234561897231254610
0234561234561897231254610023456123456189723125461002345612345618972312546100234561234561897231254610
0234561234561897231254610023456123456189723125461002345612345618972312546100234561234561897231254610
0234561234561897231254610023456123456189723125461002345612345618972312546100234561234561897231254610
0234561234561897231254610023456123456189723125461002345612345618972312546100234561234561897231254610
0234561234561897231254610023456123456189723125461002345612345618972312546100234561234561897231254610
0234561234561897231254610023456123456189723125461002345612345618972312546100234561234561897231254610
0234561234561897231254610023456123456189723125461002345612345618972312546100234561234561897231254610
0234561234561897231254610023456123456189723125461002345612345618972312546100234561234561897231254610
1175429912251103446046956211232051460445603114152312035564865004560456205415265045668045960546562034
1405465407523046552104345981206456130748913045160244961047513044981305451920487903445970134495014952
3
041
253
620