4 2
1 5 1
2 6 5
3 7 9
4 10 15
30 7
1 1 5 1 2 3 4 5
2 6 6 7 6 6 6 6
3 7 7 7 8 9 9 8
4 10 10 10 10 10 10 10
5 11 11 11 11 11 11 12
6 13 12 12 12 14 12 13
7 14 15 15 15 15 15 15
8 16 16 16 16 16 16 16
9 17 17 17 17 17 17 17
10 20 20 20 20 20 20 20
11 21 21 21 21 21 21 21
12 22 22 22 22 22 22 22
13 25 25 25 24 24 24 24
14 26 26 26 25 25 25 25
15 28 28 28 27 27 27 27
16 30 30 30 30 30 30 30
17 32 32 32 32 32 32 32
18 35 35 35 35 35 35 35
19 40 40 40 40 40 40 40
20 44 45 45 45 45 45 45
21 46 46 46 46 46 46 46
22 48 48 48 48 48 48 48
23 50 50 50 50 50 50 50
24 52 52 52 52 52 52 52
25 55 55 55 55 55 55 55
26 57 57 57 57 57 57 57
27 60 60 60 60 60 60 60
28 62 62 62 62 62 62 62
29 65 65 65 65 65 65 65
30 70 70 70 70 70 70 70
